10000000.00000	-51.18759	-48.32781
19995000.00000	-48.86138	-46.06763
29990000.00000	-50.37461	-48.20518
39985000.00000	-50.11732	-48.93966
49980000.00000	-50.67576	-46.86473
59975000.00000	-53.59220	-46.23483
69970000.00000	-55.09964	-51.49517
79965000.00000	-56.57130	-49.62861
89960000.00000	-54.11299	-43.19184
99955000.00000	-53.70158	-42.49387
109950000.00000	-53.32640	-48.12505
119945000.00000	-56.57937	-52.96854
129940000.00000	-50.35790	-42.80501
139935000.00000	-53.86751	-43.74007
149930000.00000	-58.87742	-49.72492
159925000.00000	-49.93904	-43.24649
169920000.00000	-49.35293	-40.71676
179915000.00000	-49.77629	-41.83954
189910000.00000	-47.74395	-46.55809
199905000.00000	-43.68093	-46.55432
209900000.00000	-41.97774	-43.57677
219895000.00000	-43.80983	-47.89919
229890000.00000	-51.93942	-49.39632
239885000.00000	-52.62197	-40.97815
249880000.00000	-47.77495	-40.34426
259875000.00000	-46.55273	-49.52948
269870000.00000	-43.36929	-43.18619
279865000.00000	-42.53224	-38.26719
289860000.00000	-49.42215	-39.53225
299855000.00000	-50.83426	-50.77017
309850000.00000	-44.09752	-44.20636
319845000.00000	-43.48573	-39.43781
329840000.00000	-44.89005	-41.70888
339835000.00000	-48.99402	-51.06762
349830000.00000	-53.93581	-39.36176
359825000.00000	-50.51987	-37.29242
369820000.00000	-47.70387	-42.19485
379815000.00000	-43.38753	-44.07774
389810000.00000	-40.34903	-36.37427
399805000.00000	-41.12799	-36.87138
409800000.00000	-46.44593	-46.94733
419795000.00000	-49.96076	-41.80348
429790000.00000	-44.20371	-37.52024
439785000.00000	-43.62378	-41.94646
449780000.00000	-49.14531	-49.81572
459775000.00000	-59.53154	-37.42278
469770000.00000	-49.89105	-35.36701
479765000.00000	-52.21500	-39.83293
489760000.00000	-60.06803	-48.01155
499755000.00000	-48.09232	-36.08185
509750000.00000	-43.51857	-34.18277
519745000.00000	-43.38546	-39.43510
529740000.00000	-46.97335	-44.80512
539735000.00000	-54.82400	-34.47433
549730000.00000	-50.74060	-33.38019
559725000.00000	-47.75916	-39.67488
569720000.00000	-44.96301	-44.50584
579715000.00000	-42.56399	-35.58010
589710000.00000	-44.04315	-37.40174
599705000.00000	-52.19894	-48.91497
609700000.00000	-44.95739	-35.27027
619695000.00000	-40.46866	-32.82398
629690000.00000	-42.28211	-37.55512
639685000.00000	-60.28398	-47.40679
649680000.00000	-42.99651	-35.14239
659675000.00000	-39.98446	-34.41781
669670000.00000	-44.52365	-44.40251
679665000.00000	-44.62490	-39.84109
689660000.00000	-38.08313	-33.94538
699655000.00000	-36.23005	-35.22988
709650000.00000	-39.96167	-45.24019
719645000.00000	-53.05286	-36.33720
729640000.00000	-46.47389	-33.03344
739635000.00000	-41.94195	-35.50380
749630000.00000	-45.04867	-58.49906
759625000.00000	-48.02480	-36.65302
769620000.00000	-39.65776	-33.52807
779615000.00000	-36.14404	-35.80267
789610000.00000	-35.27977	-32.71082
799605000.00000	-34.45442	-28.79680
809600000.00000	-34.42501	-28.72995
819595000.00000	-38.62215	-36.31634
829590000.00000	-58.50564	-37.42146
839585000.00000	-39.95988	-29.95774
849580000.00000	-38.03684	-29.94353
859575000.00000	-45.14008	-38.93704
869570000.00000	-45.82278	-37.43116
879565000.00000	-36.54672	-30.53745
889560000.00000	-33.63699	-29.95127
899555000.00000	-35.19760	-35.14912
909550000.00000	-36.95026	-37.12710
919545000.00000	-35.27226	-32.46352
929540000.00000	-35.44627	-33.71322
939535000.00000	-41.63483	-53.87937
949530000.00000	-38.01918	-33.97153
959525000.00000	-33.31685	-30.08265
969520000.00000	-35.04426	-33.56932
979515000.00000	-47.17509	-49.56520
989510000.00000	-41.86168	-34.02875
999505000.00000	-36.83189	-32.61526
1009500000.00000	-40.38185	-41.88216
1019495000.00000	-54.95941	-37.00602
1029490000.00000	-40.77694	-32.25819
1039485000.00000	-38.08027	-33.43768
1049480000.00000	-41.03882	-38.30602
1059475000.00000	-51.87736	-34.04435
1069470000.00000	-40.19455	-31.18975
1079465000.00000	-34.75221	-32.35879
1089460000.00000	-36.10207	-41.09028
1099455000.00000	-42.15064	-35.98402
1109450000.00000	-37.97332	-30.75118
1119445000.00000	-35.61992	-32.71546
1129440000.00000	-41.57143	-54.41134
1139435000.00000	-43.93462	-32.01473
1149430000.00000	-35.65701	-28.73203
1159425000.00000	-36.53752	-33.81922
1169420000.00000	-39.35438	-40.83270
1179415000.00000	-35.84255	-30.31081
1189410000.00000	-34.38185	-29.77398
1199405000.00000	-38.58726	-40.26966
1209400000.00000	-45.25381	-35.48587
1219395000.00000	-40.50829	-30.31546
1229390000.00000	-39.22294	-31.30752
1239385000.00000	-42.93316	-37.25259
1249380000.00000	-46.86924	-35.22943
1259375000.00000	-38.99098	-30.59607
1269370000.00000	-35.55007	-29.61632
1279365000.00000	-38.95545	-35.20058
1289360000.00000	-42.45657	-37.63365
1299355000.00000	-34.46605	-28.72490
1309350000.00000	-33.36953	-28.22933
1319345000.00000	-40.31459	-36.23522
1329340000.00000	-40.94812	-36.08962
1339335000.00000	-34.66868	-29.54873
1349330000.00000	-37.22096	-32.66504
1359325000.00000	-43.59824	-42.47212
1369320000.00000	-36.61596	-30.60517
1379315000.00000	-35.37905	-28.41373
1389310000.00000	-41.87195	-32.73653
1399305000.00000	-43.85107	-35.27124
1409300000.00000	-38.85275	-30.65620
1419295000.00000	-40.76310	-29.41169
1429290000.00000	-49.53401	-31.81761
1439285000.00000	-41.00420	-35.41412
1449280000.00000	-35.04902	-32.86802
1459275000.00000	-33.56107	-30.09717
1469270000.00000	-38.87626	-33.62490
1479265000.00000	-40.31383	-36.34243
1489260000.00000	-32.40245	-28.73625
1499255000.00000	-31.56521	-28.58737
1509250000.00000	-36.19083	-37.38251
1519245000.00000	-37.86889	-33.23978
1529240000.00000	-34.07220	-27.35974
1539235000.00000	-36.82049	-29.78562
1549230000.00000	-41.92020	-39.59057
1559225000.00000	-37.67456	-31.14254
1569220000.00000	-38.22260	-28.37397
1579215000.00000	-57.00453	-32.00367
1589210000.00000	-41.10365	-35.32883
1599205000.00000	-36.91329	-30.52063
1609200000.00000	-36.73915	-28.69378
1619195000.00000	-39.38179	-31.92489
1629190000.00000	-49.99046	-42.42865
1639185000.00000	-41.74738	-29.67077
1649180000.00000	-35.45462	-26.68773
1659175000.00000	-37.44845	-31.04243
1669170000.00000	-41.38856	-41.20395
1679165000.00000	-36.19439	-27.50172
1689160000.00000	-35.12099	-26.98309
1699155000.00000	-38.38818	-35.86995
1709150000.00000	-37.34965	-32.47577
1719145000.00000	-34.73654	-26.29463
1729140000.00000	-39.16750	-28.69083
1739135000.00000	-51.27705	-41.32937
1749130000.00000	-39.57274	-31.18728
1759125000.00000	-39.69760	-28.59671
1769120000.00000	-41.24130	-32.06358
1779115000.00000	-37.91510	-33.73063
1789110000.00000	-36.51240	-28.69266
1799105000.00000	-34.23565	-26.52617
1809100000.00000	-33.20855	-28.73464
1819095000.00000	-36.59313	-40.78950
1829090000.00000	-66.21743	-31.38884
1839085000.00000	-39.32030	-28.02287
1849080000.00000	-42.48946	-33.19514
1859075000.00000	-44.02572	-33.47295
1869070000.00000	-33.92378	-25.73796
1879065000.00000	-33.93414	-26.56282
1889060000.00000	-38.52653	-38.82389
1899055000.00000	-34.33800	-29.30576
1909050000.00000	-31.61197	-24.50648
1919045000.00000	-36.01124	-26.92367
1929040000.00000	-54.45674	-37.44558
1939035000.00000	-36.13652	-32.91347
1949030000.00000	-34.61455	-29.59740
1959025000.00000	-36.73774	-32.47685
1969020000.00000	-40.30829	-38.18071
1979015000.00000	-45.14426	-33.25757
1989010000.00000	-33.47712	-29.28119
1999005000.00000	-30.69106	-30.61947
2009000000.00000	-32.55075	-47.81227
2018995000.00000	-35.67688	-30.16563
2028990000.00000	-32.21278	-26.58365
2038985000.00000	-32.39623	-30.21431
2048980000.00000	-38.19732	-35.01759
2058975000.00000	-36.44259	-26.50252
2068970000.00000	-33.58630	-26.63896
2078965000.00000	-35.82220	-36.03553
2088960000.00000	-38.65933	-31.42911
2098955000.00000	-37.13899	-26.43243
2108950000.00000	-40.13352	-29.28671
2118945000.00000	-60.72152	-39.89955
2128940000.00000	-44.74686	-29.65846
2138935000.00000	-43.14480	-27.76204
2148930000.00000	-38.41968	-30.80435
2158925000.00000	-38.30017	-44.06981
2168920000.00000	-42.50838	-34.01875
2178915000.00000	-33.09195	-28.37828
2188910000.00000	-30.50419	-28.90680
2198905000.00000	-31.74288	-37.00493
2208900000.00000	-30.54893	-29.63766
2218895000.00000	-27.77881	-26.14743
2228890000.00000	-27.93031	-28.88840
2238885000.00000	-30.89789	-33.43002
2248880000.00000	-31.55504	-26.74705
2258875000.00000	-30.35461	-26.46994
2268870000.00000	-31.18221	-32.30649
2278865000.00000	-32.46506	-31.03372
2288860000.00000	-33.12636	-27.28881
2298855000.00000	-34.51875	-29.52963
2308850000.00000	-36.82657	-39.11672
2318845000.00000	-38.27643	-33.48581
2328840000.00000	-37.64365	-30.15732
2338835000.00000	-35.09025	-30.41669
2348830000.00000	-34.55590	-35.28386
2358825000.00000	-36.01184	-34.96465
2368820000.00000	-34.64180	-28.67286
2378815000.00000	-32.14971	-28.35076
2388810000.00000	-30.83489	-33.53847
2398805000.00000	-29.51331	-28.95941
2408800000.00000	-28.40983	-25.66706
2418795000.00000	-28.15802	-27.28398
2428790000.00000	-28.68645	-30.68209
2438785000.00000	-29.83642	-27.29889
2448780000.00000	-30.88547	-26.76590
2458775000.00000	-31.25396	-30.18869
2468770000.00000	-32.48940	-30.40654
2478765000.00000	-36.40210	-28.65290
2488760000.00000	-40.73495	-30.90527
2498755000.00000	-38.80834	-39.68910
2508750000.00000	-37.02526	-35.98822
2518745000.00000	-35.94813	-31.10825
2528740000.00000	-36.77169	-30.09756
2538735000.00000	-34.96894	-34.58426
2548730000.00000	-30.30010	-35.66395
2558725000.00000	-28.87173	-28.80179
2568720000.00000	-29.39917	-27.63502
2578715000.00000	-29.11856	-29.50286
2588710000.00000	-28.46894	-28.14153
2598705000.00000	-29.99550	-26.32858
2608700000.00000	-31.41978	-27.85424
2618695000.00000	-29.16605	-31.03975
2628690000.00000	-28.99382	-29.09925
2638685000.00000	-30.87159	-28.23807
2648680000.00000	-33.59973	-29.75368
2658675000.00000	-34.93904	-29.38576
2668670000.00000	-38.91767	-28.64495
2678665000.00000	-44.44183	-30.36174
2688660000.00000	-40.87158	-35.78541
2698655000.00000	-38.15680	-38.94073
2708650000.00000	-34.56000	-34.09610
2718645000.00000	-33.51591	-31.80920
2728640000.00000	-33.23181	-29.96622
2738635000.00000	-31.17781	-27.35429
2748630000.00000	-31.80791	-25.83552
2758625000.00000	-37.27864	-26.52119
2768620000.00000	-33.88951	-27.17445
2778615000.00000	-31.29460	-25.56472
2788610000.00000	-32.82785	-24.99428
2798605000.00000	-32.61476	-27.71330
2808600000.00000	-30.36453	-29.91759
2818595000.00000	-31.53445	-27.12852
2828590000.00000	-32.62674	-26.03611
2838585000.00000	-30.19713	-27.51744
2848580000.00000	-30.70792	-29.48339
2858575000.00000	-35.11223	-30.51434
2868570000.00000	-42.74824	-31.48622
2878565000.00000	-52.23329	-31.60790
2888560000.00000	-38.90727	-29.94528
2898555000.00000	-34.28410	-28.27169
2908550000.00000	-35.90207	-28.53661
2918545000.00000	-36.83944	-28.98399
2928540000.00000	-31.20243	-26.97922
2938535000.00000	-30.55174	-25.84867
2948530000.00000	-33.35017	-27.08048
2958525000.00000	-31.46588	-27.53718
2968520000.00000	-29.91951	-26.12634
2978515000.00000	-32.15770	-26.01928
2988510000.00000	-35.36793	-27.97007
2998505000.00000	-33.36266	-28.14905
3008500000.00000	-35.67698	-27.45010
3018495000.00000	-42.51310	-28.56239
3028490000.00000	-35.64526	-30.87921
3038485000.00000	-34.53281	-30.46865
3048480000.00000	-35.93082	-29.82699
3058475000.00000	-37.30045	-30.77408
3068470000.00000	-42.03086	-31.58162
3078465000.00000	-35.09224	-29.75847
3088460000.00000	-31.28493	-28.22917
3098455000.00000	-32.26322	-28.61547
3108450000.00000	-34.05218	-28.41941
3118445000.00000	-29.87425	-26.59964
3128440000.00000	-29.35050	-26.16722
3138435000.00000	-32.92061	-27.69953
3148430000.00000	-31.23483	-27.13569
3158425000.00000	-28.85154	-25.65448
3168420000.00000	-29.76823	-25.63056
3178415000.00000	-35.17933	-26.78092
3188410000.00000	-38.06342	-26.47258
3198405000.00000	-38.83146	-26.62331
3208400000.00000	-47.16201	-29.22532
3218395000.00000	-44.02146	-31.84049
3228390000.00000	-40.69767	-30.50522
3238385000.00000	-39.78834	-29.94094
3248380000.00000	-41.24368	-32.58802
3258375000.00000	-38.49529	-32.80211
3268370000.00000	-31.65682	-29.19923
3278365000.00000	-29.28854	-27.56725
3288360000.00000	-31.59033	-28.57400
3298355000.00000	-33.83862	-27.73420
3308350000.00000	-29.55228	-25.65762
3318345000.00000	-29.08347	-25.46509
3328340000.00000	-32.44755	-27.00777
3338335000.00000	-31.42152	-26.68110
3348330000.00000	-30.04644	-25.78365
3358325000.00000	-33.06605	-26.87701
3368320000.00000	-37.36851	-29.12254
3378315000.00000	-32.70899	-28.59635
3388310000.00000	-32.92261	-28.13459
3398305000.00000	-39.50607	-30.37439
3408300000.00000	-46.86300	-32.49016
3418295000.00000	-37.60608	-30.60953
3428290000.00000	-35.11998	-29.25413
3438285000.00000	-36.31826	-30.82538
3448280000.00000	-42.23759	-31.53686
3458275000.00000	-33.88456	-28.60167
3468270000.00000	-30.99489	-26.89309
3478265000.00000	-33.14691	-28.05799
3488260000.00000	-33.41441	-27.88335
3498255000.00000	-29.73300	-25.44305
3508250000.00000	-29.87121	-24.81813
3518245000.00000	-36.28506	-26.39309
3528240000.00000	-32.72500	-26.64923
3538235000.00000	-30.99996	-25.48174
3548230000.00000	-35.47662	-26.14154
3558225000.00000	-37.94810	-29.20721
3568220000.00000	-32.56156	-30.59309
3578215000.00000	-34.37113	-29.70121
3588210000.00000	-49.48516	-30.98160
3598205000.00000	-39.01622	-34.51010
3608200000.00000	-38.10851	-33.35414
3618195000.00000	-39.57184	-29.38102
3628190000.00000	-39.93769	-28.71436
3638185000.00000	-64.03427	-30.18298
3648180000.00000	-37.45412	-29.50611
3658175000.00000	-33.15049	-26.30529
3668170000.00000	-35.84705	-26.23570
3678165000.00000	-37.85921	-28.02601
3688160000.00000	-32.77734	-27.31550
3698155000.00000	-33.09614	-25.81421
3708150000.00000	-38.43819	-27.59535
3718145000.00000	-33.18033	-30.79424
3728140000.00000	-32.11389	-28.73491
3738135000.00000	-36.47282	-28.41345
3748130000.00000	-35.46678	-32.84424
3758125000.00000	-34.01260	-37.81036
3768120000.00000	-40.32747	-31.57268
3778115000.00000	-40.76420	-29.42587
3788110000.00000	-35.40185	-31.23603
3798105000.00000	-40.89027	-38.79907
3808100000.00000	-40.80926	-32.00035
3818095000.00000	-33.94497	-28.45723
3828090000.00000	-37.44981	-30.34314
3838085000.00000	-46.39370	-31.88622
3848080000.00000	-36.99978	-27.26894
3858075000.00000	-39.22204	-26.61059
3868070000.00000	-52.65871	-29.84234
3878065000.00000	-38.66764	-28.15828
3888060000.00000	-40.72669	-25.51402
3898055000.00000	-43.92277	-27.37537
3908050000.00000	-36.10426	-34.92090
3918045000.00000	-36.59148	-31.81140
3928040000.00000	-44.78745	-28.82889
3938035000.00000	-34.59258	-31.17534
3948030000.00000	-33.17304	-40.62146
3958025000.00000	-36.49728	-36.65090
3968020000.00000	-33.35961	-30.19541
3978015000.00000	-31.28242	-30.62058
3988010000.00000	-34.43188	-38.15880
3998005000.00000	-41.59487	-30.33350
4008000000.00000	-35.88131	-26.65360
4017995000.00000	-37.56647	-29.64749
4027990000.00000	-55.29483	-33.78544
4037985000.00000	-40.51566	-27.08317
4047980000.00000	-40.18509	-26.21344
4057975000.00000	-76.39875	-31.51771
4067970000.00000	-41.99228	-33.39389
4077965000.00000	-43.93386	-28.60879
4087960000.00000	-46.86709	-29.91116
4097955000.00000	-39.36226	-38.17565
4107950000.00000	-42.80723	-33.98594
4117945000.00000	-41.55116	-29.61059
4127940000.00000	-33.99929	-30.36529
4137935000.00000	-34.34831	-38.93196
4147930000.00000	-38.32061	-34.40204
4157925000.00000	-34.21514	-27.40317
4167920000.00000	-32.88608	-27.71754
4177915000.00000	-36.78522	-34.13087
4187910000.00000	-35.89648	-29.61070
4197905000.00000	-32.13384	-25.78089
4207900000.00000	-34.00269	-28.59892
4217895000.00000	-37.14874	-33.07029
4227890000.00000	-36.28665	-26.74831
4237885000.00000	-38.65371	-25.44811
4247880000.00000	-51.78271	-30.58570
4257875000.00000	-40.95958	-34.51658
4267870000.00000	-38.53083	-28.08709
4277865000.00000	-40.63331	-28.48227
4287860000.00000	-42.01398	-36.02482
4297855000.00000	-42.46383	-38.23137
4307850000.00000	-35.99093	-29.70805
4317845000.00000	-33.56995	-28.95351
4327840000.00000	-36.49253	-34.57028
4337835000.00000	-38.09594	-37.84039
4347830000.00000	-32.61975	-28.64513
4357825000.00000	-32.24013	-28.90905
4367820000.00000	-35.07183	-35.46379
4377815000.00000	-34.77427	-29.25938
4387810000.00000	-32.96316	-25.91402
4397805000.00000	-35.93353	-29.57080
4407800000.00000	-38.24485	-35.93360
4417795000.00000	-35.17484	-27.95826
4427790000.00000	-36.83284	-26.80291
4437785000.00000	-51.35748	-32.85506
4447780000.00000	-40.53818	-34.39518
4457775000.00000	-37.38979	-28.34781
4467770000.00000	-41.27575	-29.14575
4477765000.00000	-50.78312	-38.45236
4487760000.00000	-50.89245	-35.46478
4497755000.00000	-38.99584	-28.33952
4507750000.00000	-36.16385	-28.42348
4517745000.00000	-40.16458	-35.79244
4527740000.00000	-40.71385	-35.06287
4537735000.00000	-33.76745	-27.38631
4547730000.00000	-33.74975	-28.49987
4557725000.00000	-35.73608	-35.04703
4567720000.00000	-33.27467	-28.02322
4577715000.00000	-31.96272	-24.98399
4587710000.00000	-35.98643	-28.78905
4597705000.00000	-39.82841	-34.22687
4607700000.00000	-36.61124	-27.21018
4617695000.00000	-39.01022	-26.31837
4627690000.00000	-44.92603	-32.78778
4637685000.00000	-37.58516	-39.85694
4647680000.00000	-36.99698	-29.37939
4657675000.00000	-44.03938	-29.29003
4667670000.00000	-46.13668	-37.15721
4677665000.00000	-47.98256	-37.27832
4687660000.00000	-44.37046	-28.17406
4697655000.00000	-37.82978	-28.04275
4707650000.00000	-40.12989	-35.60963
4717645000.00000	-50.02114	-33.11082
4727640000.00000	-38.02146	-26.39787
4737635000.00000	-38.67016	-28.30657
4747630000.00000	-45.07384	-37.03067
4757625000.00000	-36.86603	-28.74413
4767620000.00000	-34.46987	-25.83483
4777615000.00000	-38.52702	-30.47061
4787610000.00000	-35.72481	-35.67852
4797605000.00000	-31.78064	-27.90569
4807600000.00000	-33.13829	-27.82104
4817595000.00000	-42.20276	-36.50135
4827590000.00000	-43.14580	-36.45805
4837585000.00000	-40.54997	-28.60197
4847580000.00000	-44.49220	-28.60705
4857575000.00000	-46.84562	-35.68775
4867570000.00000	-51.05017	-37.95711
4877565000.00000	-37.29291	-27.74784
4887560000.00000	-34.54440	-27.64085
4897555000.00000	-37.86396	-34.93294
4907550000.00000	-37.86174	-32.35106
4917545000.00000	-31.92922	-26.12486
4927540000.00000	-32.76385	-28.48898
4937535000.00000	-37.62027	-40.56467
4947530000.00000	-35.49860	-29.12810
4957525000.00000	-33.61710	-26.58794
4967520000.00000	-39.10731	-32.85212
4977515000.00000	-48.13164	-34.31161
4987510000.00000	-37.47393	-26.90584
4997505000.00000	-37.07075	-27.52333
5007500000.00000	-38.92482	-36.66571
5017495000.00000	-40.21348	-36.30689
5027490000.00000	-49.80268	-28.57805
5037485000.00000	-38.15702	-28.96478
5047480000.00000	-36.35377	-36.58934
5057475000.00000	-43.06394	-36.23710
5067470000.00000	-39.69219	-27.39372
5077465000.00000	-33.41470	-27.79759
5087460000.00000	-34.25363	-35.74505
5097455000.00000	-34.23158	-30.60813
5107450000.00000	-31.03013	-25.47801
5117445000.00000	-32.61680	-28.20471
5127440000.00000	-39.02972	-36.27317
5137435000.00000	-34.03201	-27.87914
5147430000.00000	-30.79986	-26.31677
5157425000.00000	-34.20497	-32.61793
5167420000.00000	-44.96000	-36.75069
5177415000.00000	-40.01936	-28.30215
5187410000.00000	-36.22254	-29.36942
5197405000.00000	-36.51036	-41.12826
5207400000.00000	-40.11426	-34.03436
5217395000.00000	-48.20654	-27.89371
5227390000.00000	-35.24905	-28.67982
5237385000.00000	-34.34567	-35.95699
5247380000.00000	-37.05474	-32.27107
5257375000.00000	-32.81686	-26.29282
5267370000.00000	-30.90876	-27.46891
5277365000.00000	-34.01862	-34.49489
5287360000.00000	-36.45505	-28.52375
5297355000.00000	-30.27051	-24.61149
5307350000.00000	-30.45934	-27.40785
5317345000.00000	-34.27607	-33.96412
5327340000.00000	-32.09907	-27.36326
5337335000.00000	-30.35011	-26.34265
5347330000.00000	-34.23518	-32.36341
5357325000.00000	-40.33785	-33.22615
5367320000.00000	-34.11968	-27.38540
5377315000.00000	-33.61938	-28.78694
5387310000.00000	-37.77579	-39.27139
5397305000.00000	-43.48507	-35.15282
5407300000.00000	-34.23037	-28.19979
5417295000.00000	-31.42092	-28.39720
5427290000.00000	-33.77679	-34.87639
5437285000.00000	-40.74619	-33.52456
5447280000.00000	-32.52113	-27.24497
5457275000.00000	-30.76954	-28.42517
5467270000.00000	-32.69642	-34.49777
5477265000.00000	-30.75367	-27.72176
5487260000.00000	-28.21715	-25.20804
5497255000.00000	-29.89500	-29.12913
5507250000.00000	-33.51076	-31.68019
5517245000.00000	-31.27147	-25.19850
5527240000.00000	-29.87583	-25.06704
5537235000.00000	-31.67673	-30.94297
5547230000.00000	-31.82958	-30.71044
5557225000.00000	-30.58971	-26.19117
5567220000.00000	-32.37630	-27.54090
5577215000.00000	-37.87021	-34.45202
5587210000.00000	-37.15324	-31.74778
5597205000.00000	-32.41489	-27.04973
5607200000.00000	-31.78083	-27.57608
5617195000.00000	-34.43059	-32.04995
5627190000.00000	-33.52920	-29.20304
5637185000.00000	-30.08348	-25.45613
5647180000.00000	-30.80563	-27.03719
5657175000.00000	-32.89901	-32.53980
5667170000.00000	-30.03163	-27.01494
5677165000.00000	-28.40993	-24.53173
5687160000.00000	-30.41102	-27.36668
5697155000.00000	-31.24384	-29.28625
5707150000.00000	-29.02105	-25.28183
5717145000.00000	-29.33548	-25.44917
5727140000.00000	-32.44442	-30.30457
5737135000.00000	-33.27343	-30.13209
5747130000.00000	-31.76369	-26.57272
5757125000.00000	-33.56166	-27.98478
5767120000.00000	-38.25218	-34.52845
5777115000.00000	-35.24888	-32.71312
5787110000.00000	-31.53862	-28.13625
5797105000.00000	-30.87243	-28.76858
5807100000.00000	-31.61724	-32.36567
5817095000.00000	-30.50509	-28.49718
5827090000.00000	-28.48675	-25.44893
5837085000.00000	-28.27974	-26.90395
5847080000.00000	-28.70973	-29.60998
5857075000.00000	-27.95702	-25.71034
5867070000.00000	-27.38526	-24.50775
5877065000.00000	-28.35543	-27.79996
5887060000.00000	-29.31211	-29.66211
5897055000.00000	-28.83688	-25.78487
5907050000.00000	-29.40514	-25.88063
5917045000.00000	-31.52479	-30.07710
5927040000.00000	-32.88732	-30.68097
5937035000.00000	-32.55286	-27.43372
5947030000.00000	-33.22931	-28.01550
5957025000.00000	-35.48342	-31.66602
5967020000.00000	-35.84766	-31.01513
5977015000.00000	-33.17542	-27.45826
5987010000.00000	-32.24067	-27.40841
5997005000.00000	-33.41630	-29.94248
6007000000.00000	-33.17176	-28.33360
6016995000.00000	-31.20281	-25.72194
6026990000.00000	-31.03233	-26.59615
6036985000.00000	-31.47673	-28.83101
6046980000.00000	-29.58287	-26.31076
6056975000.00000	-28.28035	-24.67534
6066970000.00000	-28.86716	-26.59285
6076965000.00000	-29.43585	-29.45079
6086960000.00000	-29.05417	-27.45908
6096955000.00000	-29.92211	-26.99745
6106950000.00000	-33.06151	-30.90989
6116945000.00000	-36.63596	-37.93187
6126940000.00000	-36.45042	-30.87686
6136935000.00000	-35.32397	-28.41661
6146930000.00000	-35.40984	-30.66594
6156925000.00000	-36.28684	-40.08723
6166920000.00000	-34.53573	-30.83273
6176915000.00000	-32.00761	-28.97223
6186910000.00000	-31.08329	-35.01473
6196905000.00000	-31.02417	-33.51471
6206900000.00000	-30.17949	-27.95329
6216895000.00000	-29.82979	-29.65115
6226890000.00000	-30.94842	-34.57415
6236885000.00000	-31.58797	-29.07302
6246880000.00000	-30.84870	-28.37521
6256875000.00000	-32.12417	-34.08502
6266870000.00000	-36.65840	-33.67283
6276865000.00000	-39.34344	-29.08685
6286860000.00000	-38.85441	-30.62188
6296855000.00000	-44.78059	-38.42210
6306850000.00000	-49.44539	-40.78752
6316845000.00000	-49.39849	-34.35483
6326840000.00000	-44.73575	-32.20043
6336835000.00000	-39.18664	-34.17446
6346830000.00000	-39.62256	-37.83568
6356825000.00000	-36.69393	-30.62973
6366820000.00000	-32.31237	-28.93680
6376815000.00000	-31.87501	-32.10018
6386810000.00000	-33.86911	-31.42938
6396805000.00000	-33.15376	-27.83334
6406800000.00000	-32.22279	-28.98181
6416795000.00000	-33.86178	-34.06291
6426790000.00000	-34.00832	-30.93350
6436785000.00000	-32.35907	-29.78386
6446780000.00000	-33.35298	-34.95595
6456775000.00000	-36.28500	-37.49043
6466770000.00000	-35.13150	-33.73847
6476765000.00000	-34.66778	-37.46968
6486760000.00000	-38.46075	-41.69552
6496755000.00000	-42.77957	-40.69013
6506750000.00000	-42.12718	-45.76477
6516745000.00000	-50.89951	-36.57876
6526740000.00000	-44.83068	-36.37929
6536735000.00000	-41.42577	-39.30453
6546730000.00000	-37.97288	-32.09319
6556725000.00000	-34.03448	-30.01626
6566720000.00000	-32.46540	-32.18435
6576715000.00000	-32.06356	-31.58530
6586710000.00000	-30.83607	-29.13551
6596705000.00000	-29.81490	-30.59866
6606700000.00000	-29.80045	-34.86255
6616695000.00000	-29.65503	-31.92658
6626690000.00000	-29.14117	-31.44688
6636685000.00000	-29.17151	-35.05076
6646680000.00000	-30.51950	-33.39477
6656675000.00000	-31.32676	-32.31150
6666670000.00000	-31.82045	-36.99104
6676665000.00000	-33.63829	-40.11337
6686660000.00000	-37.07813	-37.32342
6696655000.00000	-39.87000	-44.34174
6706650000.00000	-43.80637	-45.07837
6716645000.00000	-44.29168	-41.12663
6726640000.00000	-40.01472	-43.10719
6736635000.00000	-35.86665	-33.41719
6746630000.00000	-32.02583	-30.77878
6756625000.00000	-30.09776	-32.11946
6766620000.00000	-29.26796	-30.68838
6776615000.00000	-28.33660	-28.28526
6786610000.00000	-27.68356	-29.30570
6796605000.00000	-27.72736	-30.74986
6806600000.00000	-27.62820	-28.60877
6816595000.00000	-27.37329	-28.18662
6826590000.00000	-27.75739	-30.00532
6836585000.00000	-28.97070	-30.06188
6846580000.00000	-29.85713	-29.52849
6856575000.00000	-30.14368	-31.55296
6866570000.00000	-31.79547	-35.06157
6876565000.00000	-34.58154	-36.06255
6886560000.00000	-36.39816	-40.05684
6896555000.00000	-38.97878	-48.63150
6906550000.00000	-43.25140	-39.95368
6916545000.00000	-40.60156	-40.32811
6926540000.00000	-38.40194	-35.02566
6936535000.00000	-33.59911	-31.44105
6946530000.00000	-30.34016	-31.32082
6956525000.00000	-29.20074	-29.36564
6966520000.00000	-28.12396	-27.03279
6976515000.00000	-26.51820	-27.03587
6986510000.00000	-25.97608	-27.77417
6996505000.00000	-26.41895	-26.85035
7006500000.00000	-26.29155	-26.94817
7016495000.00000	-26.10360	-29.18262
7026490000.00000	-27.20441	-29.92928
7036485000.00000	-28.74740	-29.54018
7046480000.00000	-28.96547	-31.94116
7056475000.00000	-30.38730	-38.96720
7066470000.00000	-34.39286	-39.52544
7076465000.00000	-36.48480	-41.71645
7086460000.00000	-38.28472	-46.39241
7096455000.00000	-44.74651	-36.64957
7106450000.00000	-40.37364	-36.99445
7116445000.00000	-38.76458	-36.71143
7126440000.00000	-36.31189	-32.83652
7136435000.00000	-32.25353	-32.03832
7146430000.00000	-30.81617	-31.10835
7156425000.00000	-30.35197	-28.88860
7166420000.00000	-28.81162	-28.43938
7176415000.00000	-27.80270	-29.75985
7186410000.00000	-28.05586	-29.91441
7196405000.00000	-27.94373	-29.46390
7206400000.00000	-27.60537	-30.66693
7216395000.00000	-28.83646	-31.41582
7226390000.00000	-30.42219	-31.03451
7236385000.00000	-30.34841	-32.51847
7246380000.00000	-31.46967	-37.07608
7256375000.00000	-35.23291	-39.24476
7266370000.00000	-38.51849	-40.64696
7276365000.00000	-40.15475	-48.09595
7286360000.00000	-45.89358	-42.93969
7296355000.00000	-44.81813	-43.15746
7306350000.00000	-42.49996	-40.21976
7316345000.00000	-37.84658	-34.63677
7326340000.00000	-33.70457	-32.83826
7336335000.00000	-33.66381	-32.16612
7346330000.00000	-34.23877	-30.65220
7356325000.00000	-30.82803	-29.94877
7366320000.00000	-29.33113	-30.94193
7376315000.00000	-30.35689	-31.43603
7386310000.00000	-30.92506	-30.87418
7396305000.00000	-30.00586	-31.71239
7406300000.00000	-31.57378	-34.42867
7416295000.00000	-35.24713	-37.13675
7426290000.00000	-34.45511	-40.36753
7436285000.00000	-33.89151	-52.29701
7446280000.00000	-36.89992	-50.37145
7456275000.00000	-39.21477	-47.76320
7466270000.00000	-37.45977	-41.31989
7476265000.00000	-38.26669	-36.96535
7486260000.00000	-39.61348	-36.27393
7496255000.00000	-42.38155	-36.36752
7506250000.00000	-39.63865	-34.84390
7516245000.00000	-34.82362	-34.24637
7526240000.00000	-34.25576	-34.89903
7536235000.00000	-35.93996	-34.32854
7546230000.00000	-34.06368	-33.54238
7556225000.00000	-33.06558	-34.45785
7566220000.00000	-35.96947	-35.20112
7576215000.00000	-35.59594	-35.09733
7586210000.00000	-32.44356	-37.11255
7596205000.00000	-33.43113	-44.05794
7606200000.00000	-36.66446	-53.75017
7616195000.00000	-35.00180	-53.30113
7626190000.00000	-34.54208	-48.44405
7636185000.00000	-38.30137	-44.26249
7646180000.00000	-43.46240	-42.41713
7656175000.00000	-41.64011	-35.95517
7666170000.00000	-40.46180	-32.80016
7676165000.00000	-41.65253	-32.78786
7686160000.00000	-43.77732	-33.74610
7696155000.00000	-37.97694	-33.51436
7706150000.00000	-34.86241	-34.29702
7716145000.00000	-36.19099	-37.25061
7726140000.00000	-38.76061	-39.38176
7736135000.00000	-35.89747	-38.34315
7746130000.00000	-35.88252	-39.47887
7756125000.00000	-41.52434	-44.79698
7766120000.00000	-39.14283	-52.86412
7776115000.00000	-35.67440	-48.72097
7786110000.00000	-38.03224	-41.78416
7796105000.00000	-38.47017	-39.66138
7806100000.00000	-35.47520	-38.65591
7816095000.00000	-37.15954	-36.26612
7826090000.00000	-45.87040	-34.48148
7836085000.00000	-44.22065	-34.26686
7846080000.00000	-40.86262	-34.77128
7856075000.00000	-40.86035	-34.37097
7866070000.00000	-42.57506	-34.31199
7876065000.00000	-45.13124	-34.65712
7886060000.00000	-40.03154	-34.73121
7896055000.00000	-37.89929	-35.89851
7906050000.00000	-41.51889	-38.12085
7916045000.00000	-41.77477	-41.03708
7926040000.00000	-36.68622	-42.75846
7936035000.00000	-38.88748	-41.08363
7946030000.00000	-44.55321	-37.91945
7956025000.00000	-35.92120	-36.73045
7966020000.00000	-34.37363	-36.58218
7976015000.00000	-38.80186	-35.32120
7986010000.00000	-39.84975	-33.27379
7996005000.00000	-36.45752	-32.53968
8006000000.00000	-39.94212	-32.48342
8015995000.00000	-43.42022	-31.95327
8025990000.00000	-38.14676	-31.72292
8035985000.00000	-38.23880	-31.77791
8045980000.00000	-45.27145	-31.85480
8055975000.00000	-51.37066	-32.50224
8065970000.00000	-46.51179	-34.66378
8075965000.00000	-43.65136	-37.50891
8085960000.00000	-42.20566	-37.62921
8095955000.00000	-47.04292	-36.59128
8105950000.00000	-42.11345	-36.12282
8115945000.00000	-37.12683	-35.26956
8125940000.00000	-38.41119	-34.03549
8135935000.00000	-38.21809	-32.25481
8145930000.00000	-34.01089	-31.67843
8155925000.00000	-32.76737	-32.84339
8165920000.00000	-34.18572	-32.54865
8175915000.00000	-33.18726	-30.84314
8185910000.00000	-31.79129	-30.30388
8195905000.00000	-33.68688	-30.25413
8205900000.00000	-36.95690	-29.73759
8215895000.00000	-35.76749	-29.37081
8225890000.00000	-35.98091	-30.55242
8235885000.00000	-40.27108	-31.42986
8245880000.00000	-43.52583	-31.41795
8255875000.00000	-42.38864	-32.50173
8265870000.00000	-42.57253	-35.46585
8275865000.00000	-45.85346	-36.83176
8285860000.00000	-50.33249	-36.15145
8295855000.00000	-37.39957	-36.09023
8305850000.00000	-33.68155	-36.42060
8315845000.00000	-34.09723	-35.05293
8325840000.00000	-33.58463	-32.20098
8335835000.00000	-30.46798	-30.95400
8345830000.00000	-29.43649	-30.94309
8355825000.00000	-31.28504	-29.63797
8365820000.00000	-32.36259	-28.12221
8375815000.00000	-31.87089	-27.89952
8385810000.00000	-33.83913	-27.91475
8395805000.00000	-36.70285	-27.11380
8405800000.00000	-34.64651	-26.93408
8415795000.00000	-35.03863	-27.87715
8425790000.00000	-40.83033	-28.45674
8435785000.00000	-46.10470	-28.57813
8445780000.00000	-43.34510	-29.77731
8455775000.00000	-43.43651	-31.46520
8465770000.00000	-42.51886	-31.42640
8475765000.00000	-50.40437	-30.93249
8485760000.00000	-39.30126	-31.40890
8495755000.00000	-33.89955	-31.15705
8505750000.00000	-33.33079	-29.46297
8515745000.00000	-33.42057	-27.83962
8525740000.00000	-30.66927	-27.17469
8535735000.00000	-29.60819	-26.50465
8545730000.00000	-31.86819	-25.32533
8555725000.00000	-32.52982	-24.79236
8565720000.00000	-30.89200	-25.10998
8575715000.00000	-32.47460	-24.74705
8585710000.00000	-35.76426	-23.97732
8595705000.00000	-33.51104	-24.33867
8605700000.00000	-32.91334	-25.24817
8615695000.00000	-36.27046	-25.22425
8625690000.00000	-37.89202	-24.97588
8635685000.00000	-36.31624	-25.87428
8645680000.00000	-36.80297	-27.37944
8655675000.00000	-38.00115	-28.20464
8665670000.00000	-39.28064	-28.24705
8675665000.00000	-35.25295	-28.49398
8685660000.00000	-32.12184	-28.38489
8695655000.00000	-32.92055	-27.56772
8705650000.00000	-33.81254	-26.68967
8715645000.00000	-30.86417	-26.18688
8725640000.00000	-29.67998	-25.62543
8735635000.00000	-31.36565	-24.81245
8745630000.00000	-30.54798	-24.19321
8755625000.00000	-28.35514	-24.05859
8765620000.00000	-28.65260	-23.98845
8775615000.00000	-30.01733	-24.09805
8785610000.00000	-28.91425	-24.53216
8795605000.00000	-28.74699	-25.25278
8805600000.00000	-31.56404	-25.79205
8815595000.00000	-35.50918	-26.23504
8825590000.00000	-34.82921	-27.37032
8835585000.00000	-34.95668	-28.62418
8845580000.00000	-36.71435	-29.01690
8855575000.00000	-36.90697	-28.88628
8865570000.00000	-33.03578	-29.19263
8875565000.00000	-30.57625	-29.50809
8885560000.00000	-30.60643	-29.02232
8895555000.00000	-30.52990	-27.70154
8905550000.00000	-28.58867	-27.10010
8915545000.00000	-27.81145	-27.10638
8925540000.00000	-28.58050	-26.74328
8935535000.00000	-27.52550	-25.69230
8945530000.00000	-25.93008	-24.90343
8955525000.00000	-26.20784	-24.15920
8965520000.00000	-27.35347	-23.50029
8975515000.00000	-26.68368	-23.44263
8985510000.00000	-26.56909	-24.14408
8995505000.00000	-28.47594	-24.97664
9005500000.00000	-30.47093	-25.12307
9015495000.00000	-29.72797	-25.74170
9025490000.00000	-29.37627	-27.15217
9035485000.00000	-30.83173	-28.55507
9045480000.00000	-32.14097	-28.56430
9055475000.00000	-30.37901	-28.47299
9065470000.00000	-28.63211	-28.44100
9075465000.00000	-28.51724	-27.82581
9085460000.00000	-28.44450	-26.64659
9095455000.00000	-27.21161	-26.19601
9105450000.00000	-26.68648	-26.40190
9115445000.00000	-27.07729	-25.85720
9125440000.00000	-26.24190	-24.75681
9135435000.00000	-25.17918	-24.36817
9145430000.00000	-25.41342	-24.74582
9155425000.00000	-26.11301	-24.81265
9165420000.00000	-25.53802	-24.75295
9175415000.00000	-25.19894	-25.53599
9185410000.00000	-26.37937	-26.39436
9195405000.00000	-27.37936	-26.25724
9205400000.00000	-26.74643	-26.44376
9215395000.00000	-26.88593	-27.54813
9225390000.00000	-28.54850	-28.95009
9235385000.00000	-29.01940	-29.10449
9245380000.00000	-27.33524	-28.96815
9255375000.00000	-26.35924	-29.24293
9265370000.00000	-26.82751	-28.77060
9275365000.00000	-26.60410	-27.33159
9285360000.00000	-25.18692	-26.67054
9295355000.00000	-24.77243	-27.01775
9305350000.00000	-26.12219	-27.11685
9315345000.00000	-26.41113	-26.25368
9325340000.00000	-25.21833	-25.94856
9335335000.00000	-25.22886	-26.22745
9345330000.00000	-26.50940	-26.26117
9355325000.00000	-26.32871	-26.14109
9365320000.00000	-26.11431	-26.81655
9375315000.00000	-27.97625	-27.45834
9385310000.00000	-28.97197	-27.19887
9395305000.00000	-27.44579	-27.41685
9405300000.00000	-27.43009	-28.50626
9415295000.00000	-29.39865	-29.29248
9425290000.00000	-30.57140	-28.92090
9435285000.00000	-29.27422	-28.55842
9445280000.00000	-28.63203	-28.07778
9455275000.00000	-29.15250	-26.69742
9465270000.00000	-28.01992	-25.37644
9475265000.00000	-26.23313	-25.08904
9485260000.00000	-26.00342	-25.65297
9495255000.00000	-27.00755	-25.49390
9505250000.00000	-26.40609	-24.50291
9515245000.00000	-25.65558	-24.13656
9525240000.00000	-26.55795	-24.17594
9535235000.00000	-27.98213	-23.77110
9545230000.00000	-27.21373	-23.55162
9555225000.00000	-27.01642	-23.88990
9565220000.00000	-28.63562	-24.08171
9575215000.00000	-28.88368	-23.76463
9585210000.00000	-27.38883	-24.22945
9595205000.00000	-27.72828	-25.59209
9605200000.00000	-29.57221	-26.70319
9615195000.00000	-29.66292	-26.08819
9625190000.00000	-28.73987	-25.70511
9635185000.00000	-28.97273	-26.08154
9645180000.00000	-30.50584	-25.97259
9655175000.00000	-29.62059	-24.90500
9665170000.00000	-27.90977	-24.49277
9675165000.00000	-27.93338	-24.88039
9685160000.00000	-28.94163	-24.79363
9695155000.00000	-28.05775	-24.02262
9705150000.00000	-27.87779	-24.42319
9715145000.00000	-30.18159	-25.62153
9725140000.00000	-30.89164	-25.54145
9735135000.00000	-28.35672	-24.98311
9745130000.00000	-27.75641	-25.33132
9755125000.00000	-28.96607	-25.93057
9765120000.00000	-28.75991	-25.63654
9775115000.00000	-27.76930	-26.05110
9785110000.00000	-28.45309	-27.78949
9795105000.00000	-30.73551	-28.82098
9805100000.00000	-31.18705	-28.01245
9815095000.00000	-30.08059	-28.14024
9825090000.00000	-30.47285	-29.27014
9835085000.00000	-31.64266	-28.24824
9845080000.00000	-30.63351	-26.51180
9855075000.00000	-28.61971	-26.37614
9865070000.00000	-28.03801	-27.18300
9875065000.00000	-28.72633	-26.60564
9885060000.00000	-28.54128	-25.81319
9895055000.00000	-28.21353	-26.22556
9905050000.00000	-29.42549	-26.76102
9915045000.00000	-31.40483	-26.32547
9925040000.00000	-31.16273	-26.49551
9935035000.00000	-30.68773	-27.39688
9945030000.00000	-31.69595	-27.40235
9955025000.00000	-32.97967	-26.75789
9965020000.00000	-31.81953	-27.20971
9975015000.00000	-31.10076	-27.92908
9985010000.00000	-32.49263	-27.43323
9995005000.00000	-35.42626	-26.86851
10005000000.00000	-34.81449	-27.69228
10014995000.00000	-33.53382	-28.75813
10024990000.00000	-33.96878	-27.97273
10034985000.00000	-33.88608	-26.97331
10044980000.00000	-31.91602	-27.00795
10054975000.00000	-30.52721	-27.00591
10064970000.00000	-30.53859	-26.30582
10074965000.00000	-29.40606	-26.35441
10084960000.00000	-27.91934	-27.54003
10094955000.00000	-28.08088	-28.44442
10104950000.00000	-29.74225	-28.02929
10114945000.00000	-30.06583	-28.31132
10124940000.00000	-29.57482	-29.24280
10134935000.00000	-30.05028	-30.01199
10144930000.00000	-30.77774	-30.56810
10154925000.00000	-30.15005	-31.12762
10164920000.00000	-29.14454	-31.18867
10174915000.00000	-29.50350	-30.20058
10184910000.00000	-30.30158	-29.23256
10194905000.00000	-29.38386	-28.98591
10204900000.00000	-28.77609	-28.87127
10214895000.00000	-29.48675	-28.91917
10224890000.00000	-30.11945	-29.10975
10234885000.00000	-29.43561	-29.60569
10244880000.00000	-28.91427	-29.81794
10254875000.00000	-29.18032	-29.12359
10264870000.00000	-28.59371	-28.39225
10274865000.00000	-27.41549	-28.00899
10284860000.00000	-26.97391	-27.83311
10294855000.00000	-27.47261	-28.05417
10304850000.00000	-27.36529	-28.71661
10314845000.00000	-26.99610	-29.55551
10324840000.00000	-27.41244	-30.59705
10334835000.00000	-28.10646	-31.21118
10344830000.00000	-27.43635	-31.42805
10354825000.00000	-26.35815	-31.38327
10364820000.00000	-25.78733	-31.03198
10374815000.00000	-25.32820	-30.43574
10384810000.00000	-24.46630	-30.42252
10394805000.00000	-23.93423	-30.82440
10404800000.00000	-24.15126	-31.26898
10414795000.00000	-24.21108	-31.48773
10424790000.00000	-23.70124	-31.63810
10434785000.00000	-23.60068	-32.05243
10444780000.00000	-23.96362	-32.43378
10454775000.00000	-23.63836	-32.18036
10464770000.00000	-22.73435	-31.98883
10474765000.00000	-22.46857	-32.13118
10484760000.00000	-22.78506	-33.14088
10494755000.00000	-22.60935	-34.81024
10504750000.00000	-22.25514	-37.17684
10514745000.00000	-22.51239	-39.10619
10524740000.00000	-22.91877	-40.56156
10534735000.00000	-22.76082	-41.97379
10544730000.00000	-22.63588	-41.68168
10554725000.00000	-22.72351	-40.56698
10564720000.00000	-22.76016	-40.18880
10574715000.00000	-22.41207	-42.62880
10584710000.00000	-22.18668	-43.46685
10594705000.00000	-22.39859	-41.74021
10604700000.00000	-22.60149	-44.18186
10614695000.00000	-22.57348	-45.07808
10624690000.00000	-22.92860	-43.56641
10634685000.00000	-23.55261	-43.54385
10644680000.00000	-23.92974	-42.17242
10654675000.00000	-23.91381	-39.18413
10664670000.00000	-24.04026	-37.14213
10674665000.00000	-24.80424	-36.68583
10684660000.00000	-25.48175	-37.09912
10694655000.00000	-25.48971	-36.57655
10704650000.00000	-25.61348	-37.19267
10714645000.00000	-26.22543	-38.94984
10724640000.00000	-26.70539	-37.38997
10734635000.00000	-26.52433	-36.93235
10744630000.00000	-26.83751	-38.54202
10754625000.00000	-27.63176	-42.19476
10764620000.00000	-27.19977	-42.59796
10774615000.00000	-26.65149	-40.15930
10784610000.00000	-26.77165	-41.26796
10794605000.00000	-27.18230	-40.48439
10804600000.00000	-26.15041	-37.17268
10814595000.00000	-25.70976	-36.53655
10824590000.00000	-26.32834	-37.61011
10834585000.00000	-26.76107	-38.65003
10844580000.00000	-26.49404	-37.72534
10854575000.00000	-26.77106	-37.34613
10864570000.00000	-27.66876	-37.11592
10874565000.00000	-27.15079	-36.59190
10884560000.00000	-26.27353	-35.13835
10894555000.00000	-26.18223	-35.60536
10904550000.00000	-26.69632	-39.58204
10914545000.00000	-26.33740	-40.40398
10924540000.00000	-26.00765	-38.53803
10934535000.00000	-26.92734	-40.27500
10944530000.00000	-27.46500	-40.46953
10954525000.00000	-27.05434	-39.84863
10964520000.00000	-26.86551	-40.41201
10974515000.00000	-27.76665	-43.70824
10984510000.00000	-28.16080	-42.85833
10994505000.00000	-27.55276	-41.04386
11004500000.00000	-27.62195	-39.78011
11014495000.00000	-28.67984	-39.83900
11024490000.00000	-28.74406	-38.57118
11034485000.00000	-28.54901	-37.56835
11044480000.00000	-29.98668	-38.51616
11054475000.00000	-30.96409	-39.67592
11064470000.00000	-29.46045	-38.86710
11074465000.00000	-28.72493	-37.03964
11084460000.00000	-29.87349	-36.67659
11094455000.00000	-31.00251	-36.88056
11104450000.00000	-29.66457	-35.48609
11114445000.00000	-28.91705	-33.84548
11124440000.00000	-30.04613	-33.83080
11134435000.00000	-31.41705	-34.32676
11144430000.00000	-31.49499	-33.74423
11154425000.00000	-33.41226	-33.62768
11164420000.00000	-38.72429	-34.69229
11174415000.00000	-39.47940	-35.53380
11184410000.00000	-37.83295	-34.40140
11194405000.00000	-40.29689	-33.78155
11204400000.00000	-41.27181	-34.33903
11214395000.00000	-37.77078	-34.74398
11224390000.00000	-37.36335	-34.13156
11234385000.00000	-39.73096	-34.22211
11244380000.00000	-37.28821	-35.27246
11254375000.00000	-34.96923	-35.50768
11264370000.00000	-35.33286	-33.31342
11274365000.00000	-38.05805	-32.01148
11284360000.00000	-39.82057	-32.07795
11294355000.00000	-38.54910	-32.99128
11304350000.00000	-39.31367	-32.85120
11314345000.00000	-43.43710	-33.09989
11324340000.00000	-39.61651	-35.16442
11334335000.00000	-38.06666	-35.58773
11344330000.00000	-42.83225	-35.36710
11354325000.00000	-52.72010	-37.88037
11364320000.00000	-42.72660	-42.95635
11374315000.00000	-47.15904	-41.10204
11384310000.00000	-41.91968	-38.37785
11394305000.00000	-37.51458	-38.33676
11404300000.00000	-38.17028	-41.02712
11414295000.00000	-42.92559	-41.94355
11424290000.00000	-41.38155	-40.36412
11434285000.00000	-39.98907	-43.52733
11444280000.00000	-45.09541	-48.96249
11454275000.00000	-46.23869	-38.80616
11464270000.00000	-41.12649	-35.41886
11474265000.00000	-44.08222	-35.48430
11484260000.00000	-45.92428	-35.71252
11494255000.00000	-36.11229	-33.85622
11504250000.00000	-34.04013	-33.10645
11514245000.00000	-34.98689	-34.61814
11524240000.00000	-35.12429	-34.63065
11534235000.00000	-32.61817	-33.51723
11544230000.00000	-31.55580	-33.98722
11554225000.00000	-32.37255	-37.58007
11564220000.00000	-31.90833	-40.65671
11574215000.00000	-29.53354	-37.95193
11584210000.00000	-28.43114	-36.79213
11594205000.00000	-28.63431	-38.96831
11604200000.00000	-28.03071	-40.46518
11614195000.00000	-27.48100	-36.71152
11624190000.00000	-27.87627	-35.93215
11634185000.00000	-29.02563	-37.99723
11644180000.00000	-28.92613	-37.29027
11654175000.00000	-28.41610	-34.01779
11664170000.00000	-29.11862	-33.34990
11674165000.00000	-29.63086	-34.51552
11684160000.00000	-28.18819	-32.98298
11694155000.00000	-27.43702	-31.64232
11704150000.00000	-27.87716	-32.61907
11714145000.00000	-28.20976	-34.80987
11724140000.00000	-27.78339	-33.36153
11734135000.00000	-28.11213	-32.01493
11744130000.00000	-29.46899	-33.19831
11754125000.00000	-29.80348	-35.23830
11764120000.00000	-28.86024	-34.12245
11774115000.00000	-28.83357	-32.58144
11784110000.00000	-29.65482	-33.01237
11794105000.00000	-28.94967	-33.11222
11804100000.00000	-28.03069	-31.65252
11814095000.00000	-28.49847	-30.12464
11824090000.00000	-29.80387	-31.23843
11834085000.00000	-30.21909	-32.59890
11844080000.00000	-30.58570	-31.40258
11854075000.00000	-31.67674	-30.42999
11864070000.00000	-31.66501	-30.64534
11874065000.00000	-30.79276	-30.35303
11884060000.00000	-31.33922	-28.78744
11894055000.00000	-33.14710	-27.87716
11904050000.00000	-33.42832	-28.53701
11914045000.00000	-33.02890	-29.12350
11924040000.00000	-33.67484	-28.26723
11934035000.00000	-33.62384	-28.05877
11944030000.00000	-32.12539	-28.70299
11954025000.00000	-31.36505	-29.11558
11964020000.00000	-32.33201	-28.96622
11974015000.00000	-33.01780	-29.45729
11984010000.00000	-31.46653	-30.62762
11994005000.00000	-30.69797	-30.42465
12004000000.00000	-30.83449	-29.17950
12013995000.00000	-30.29736	-29.09071
12023990000.00000	-29.67839	-30.23351
12033985000.00000	-29.93521	-29.94574
12043980000.00000	-30.32112	-29.40882
12053975000.00000	-29.30918	-30.85156
12063970000.00000	-28.59256	-32.82248
12073965000.00000	-29.29082	-31.36284
12083960000.00000	-29.75431	-29.66491
12093955000.00000	-29.08914	-29.76292
12103950000.00000	-29.19684	-30.42428
12113945000.00000	-30.98080	-29.33826
12123940000.00000	-31.85367	-29.16154
12133935000.00000	-31.17857	-30.38367
12143930000.00000	-31.32629	-31.11321
12153925000.00000	-31.91762	-30.49495
12163920000.00000	-30.62414	-30.68938
12173915000.00000	-29.27307	-31.71568
12183910000.00000	-29.28194	-30.92788
12193905000.00000	-29.90872	-29.00862
12203900000.00000	-29.21128	-28.10236
12213895000.00000	-28.37671	-28.46333
12223890000.00000	-28.70717	-28.21482
12233885000.00000	-28.61491	-27.48384
12243880000.00000	-27.48335	-27.40820
12253875000.00000	-27.10989	-27.63291
12263870000.00000	-27.61954	-26.69388
12273865000.00000	-27.50006	-25.75340
12283860000.00000	-26.87312	-25.91109
12293855000.00000	-27.13888	-26.35554
12303850000.00000	-27.69956	-25.48562
12313845000.00000	-27.35793	-24.66378
12323840000.00000	-27.15629	-25.14356
12333835000.00000	-27.98777	-26.08168
12343830000.00000	-28.80191	-26.14252
12353825000.00000	-28.36962	-26.45861
12363820000.00000	-27.98951	-27.55647
12373815000.00000	-28.60273	-27.81637
12383810000.00000	-28.38670	-26.72588
12393805000.00000	-27.09039	-26.10425
12403800000.00000	-26.76654	-26.25572
12413795000.00000	-27.59770	-25.63562
12423790000.00000	-27.54931	-24.33204
12433785000.00000	-26.72475	-24.25330
12443780000.00000	-27.07550	-25.54999
12453775000.00000	-27.75801	-26.06445
12463770000.00000	-27.28811	-25.45990
12473765000.00000	-26.81884	-25.81199
12483760000.00000	-27.26549	-26.66691
12493755000.00000	-27.17328	-26.12303
12503750000.00000	-26.13045	-25.30098
12513745000.00000	-25.62204	-25.78106
12523740000.00000	-25.99863	-26.53648
12533735000.00000	-26.02971	-26.37455
12543730000.00000	-25.74475	-26.67505
12553725000.00000	-25.99802	-28.38115
12563720000.00000	-26.43245	-29.18441
12573715000.00000	-26.14656	-27.43131
12583710000.00000	-25.38380	-26.05309
12593705000.00000	-25.37439	-26.13463
12603700000.00000	-25.70328	-26.10809
12613695000.00000	-25.55174	-24.88547
12623690000.00000	-25.41699	-24.51954
12633685000.00000	-26.17138	-25.57140
12643680000.00000	-26.76661	-25.79076
12653675000.00000	-26.78805	-25.03718
12663670000.00000	-26.72801	-25.43637
12673665000.00000	-27.06670	-26.76350
12683660000.00000	-26.75293	-26.55098
12693655000.00000	-26.02053	-25.52224
12703650000.00000	-26.00812	-25.90099
12713645000.00000	-26.67011	-26.45504
12723640000.00000	-27.05710	-25.28191
12733635000.00000	-27.55939	-25.09132
12743630000.00000	-28.66358	-26.90273
12753625000.00000	-29.66422	-28.47768
12763620000.00000	-29.38032	-27.35911
12773615000.00000	-28.69242	-26.48544
12783610000.00000	-28.70302	-27.00685
12793605000.00000	-28.93035	-26.82743
12803600000.00000	-28.58577	-25.11037
12813595000.00000	-28.39884	-24.54182
12823590000.00000	-29.09420	-25.69362
12833585000.00000	-29.73399	-25.80054
12843580000.00000	-29.60427	-24.61448
12853575000.00000	-29.90778	-24.83387
12863570000.00000	-30.79807	-25.76154
12873565000.00000	-31.09609	-25.16855
12883560000.00000	-31.04815	-24.09643
12893555000.00000	-32.03595	-24.37869
12903550000.00000	-33.31489	-24.97463
12913545000.00000	-31.73459	-24.17817
12923540000.00000	-30.28782	-23.69569
12933535000.00000	-30.30669	-24.49117
12943530000.00000	-31.47409	-25.16214
12953525000.00000	-31.74372	-24.79965
12963520000.00000	-31.68784	-24.62975
12973515000.00000	-32.20454	-25.13754
12983510000.00000	-32.43821	-24.68922
12993505000.00000	-31.16368	-23.07095
13003500000.00000	-30.36729	-22.31190
13013495000.00000	-30.93203	-22.62498
13023490000.00000	-31.88144	-22.43780
13033485000.00000	-32.82756	-21.79665
13043480000.00000	-34.07277	-22.25048
13053475000.00000	-36.56915	-23.41267
13063470000.00000	-37.69639	-23.51043
13073465000.00000	-37.09412	-23.01826
13083460000.00000	-36.51609	-23.42024
13093455000.00000	-36.48330	-24.15734
13103450000.00000	-34.80126	-23.49125
13113445000.00000	-32.93618	-22.89775
13123440000.00000	-33.10119	-23.42212
13133435000.00000	-33.38171	-24.41324
13143430000.00000	-32.46170	-24.47172
13153425000.00000	-31.63281	-24.78084
13163420000.00000	-31.63689	-26.04614
13173415000.00000	-31.30288	-26.72359
13183410000.00000	-30.02854	-25.68467
13193405000.00000	-29.34366	-24.73813
13203400000.00000	-30.34899	-24.72243
13213395000.00000	-31.40696	-24.14236
13223390000.00000	-30.81425	-23.10720
13233385000.00000	-30.00316	-23.23911
13243380000.00000	-30.04735	-24.07410
13253375000.00000	-29.95731	-24.24335
13263370000.00000	-29.50885	-23.85461
13273365000.00000	-29.11798	-24.31843
13283360000.00000	-29.67609	-24.91641
13293355000.00000	-29.77057	-24.28326
13303350000.00000	-29.65901	-23.61487
13313345000.00000	-29.67620	-24.19277
13323340000.00000	-29.44559	-25.34423
13333335000.00000	-28.59823	-25.47679
13343330000.00000	-27.81791	-25.77367
13353325000.00000	-28.10012	-26.97068
13363320000.00000	-28.29628	-27.30859
13373315000.00000	-27.74480	-26.33060
13383310000.00000	-27.33337	-25.79100
13393305000.00000	-27.72179	-26.03876
13403300000.00000	-27.94266	-25.70614
13413295000.00000	-27.24549	-24.49948
13423290000.00000	-26.94891	-24.36946
13433285000.00000	-27.61354	-25.44793
13443280000.00000	-27.90331	-25.79429
13453275000.00000	-26.94706	-25.06390
13463270000.00000	-26.40027	-25.03049
13473265000.00000	-26.63644	-25.84451
13483260000.00000	-26.23916	-25.90836
13493255000.00000	-25.47758	-25.37793
13503250000.00000	-25.23279	-25.93313
13513245000.00000	-25.85522	-27.58364
13523240000.00000	-25.87186	-27.78891
13533235000.00000	-25.83980	-27.82361
13543230000.00000	-26.26536	-29.51423
13553225000.00000	-26.94584	-30.90614
13563220000.00000	-26.65331	-30.64776
13573215000.00000	-26.06770	-30.25428
13583210000.00000	-26.14510	-31.23333
13593205000.00000	-26.64039	-32.01772
13603200000.00000	-26.33253	-30.85832
13613195000.00000	-26.59754	-29.74466
13623190000.00000	-27.46179	-30.22161
13633185000.00000	-27.84107	-29.86850
13643180000.00000	-27.46745	-28.54079
13653175000.00000	-27.47081	-28.28816
13663170000.00000	-27.28660	-29.67370
13673165000.00000	-26.42844	-29.99416
13683160000.00000	-25.91487	-29.01128
13693155000.00000	-26.77717	-29.61227
13703150000.00000	-28.11817	-31.49077
13713145000.00000	-27.45861	-31.85826
13723140000.00000	-26.84956	-31.79338
13733135000.00000	-27.29175	-34.93778
13743130000.00000	-27.60139	-38.97242
13753125000.00000	-27.11052	-37.40223
13763120000.00000	-26.85099	-35.67686
13773115000.00000	-26.79430	-36.24145
13783110000.00000	-26.45610	-38.05890
13793105000.00000	-25.59850	-35.15762
13803100000.00000	-25.33798	-31.63376
13813095000.00000	-25.71682	-31.51339
13823090000.00000	-25.80866	-32.98167
13833085000.00000	-26.00808	-31.62504
13843080000.00000	-26.80672	-30.71701
13853075000.00000	-27.32909	-32.50131
13863070000.00000	-27.00166	-33.90997
13873065000.00000	-26.78785	-30.51354
13883060000.00000	-27.05130	-29.76633
13893055000.00000	-26.78696	-31.87752
13903050000.00000	-25.74817	-32.67905
13913045000.00000	-25.26271	-32.06597
13923040000.00000	-24.97874	-34.19117
13933035000.00000	-24.35470	-40.21351
13943030000.00000	-24.13196	-43.95132
13953025000.00000	-24.22305	-39.60657
13963020000.00000	-24.21629	-39.34829
13973015000.00000	-23.86862	-44.26241
13983010000.00000	-24.09212	-38.10805
13993005000.00000	-25.24026	-32.86200
14003000000.00000	-26.21551	-32.26683
14012995000.00000	-25.69903	-32.75194
14022990000.00000	-25.20484	-30.61949
14032985000.00000	-25.14301	-29.18850
14042980000.00000	-24.94682	-30.02466
14052975000.00000	-24.84342	-29.44151
14062970000.00000	-25.34175	-26.69614
14072965000.00000	-25.93855	-25.96747
14082960000.00000	-25.92202	-27.43002
14092955000.00000	-25.75732	-28.29259
14102950000.00000	-25.96946	-27.39213
14112945000.00000	-25.88839	-27.77541
14122940000.00000	-25.47649	-29.52991
14132935000.00000	-25.67979	-29.00656
14142930000.00000	-26.89889	-27.67105
14152925000.00000	-28.02600	-27.74094
14162920000.00000	-27.92390	-28.44183
14172915000.00000	-28.11835	-27.79681
14182910000.00000	-28.61876	-26.86250
14192905000.00000	-28.66524	-27.16468
14202900000.00000	-28.70910	-27.73591
14212895000.00000	-30.07817	-26.61068
14222890000.00000	-31.52133	-25.55022
14232885000.00000	-30.98390	-25.75034
14242880000.00000	-30.19269	-25.57915
14252875000.00000	-30.73822	-23.96774
14262870000.00000	-31.11659	-23.14616
14272865000.00000	-30.69626	-23.65266
14282860000.00000	-30.12978	-24.24692
14292855000.00000	-29.61984	-24.19788
14302850000.00000	-29.18413	-24.94961
14312845000.00000	-29.02294	-26.81601
14322840000.00000	-30.01761	-27.27051
14332835000.00000	-31.72627	-26.96258
14342830000.00000	-32.44219	-27.73061
14352825000.00000	-32.78621	-28.81166
14362820000.00000	-33.27746	-28.08511
14372815000.00000	-33.54425	-26.87601
14382810000.00000	-32.07165	-27.15027
14392805000.00000	-30.77297	-28.33969
14402800000.00000	-30.54881	-28.05831
14412795000.00000	-30.63727	-27.07730
14422790000.00000	-31.02870	-27.28263
14432785000.00000	-31.71353	-27.74331
14442780000.00000	-33.20519	-26.94110
14452775000.00000	-34.79714	-26.27607
14462770000.00000	-34.93247	-27.29803
14472765000.00000	-34.19967	-28.68831
14482760000.00000	-33.95044	-28.95446
14492755000.00000	-33.35585	-29.76438
14502750000.00000	-33.73569	-33.22989
14512745000.00000	-35.15861	-34.16501
14522740000.00000	-36.72579	-33.44242
14532735000.00000	-37.83372	-35.87392
14542730000.00000	-38.89198	-40.54194
14552725000.00000	-40.60538	-37.95987
14562720000.00000	-41.28417	-36.49946
14572715000.00000	-39.37891	-37.94582
14582710000.00000	-37.76078	-41.56343
14592705000.00000	-36.65238	-39.25174
14602700000.00000	-35.09287	-37.65122
14612695000.00000	-34.26150	-39.05413
14622690000.00000	-34.49455	-40.81724
14632685000.00000	-35.96887	-37.28873
14642680000.00000	-36.03356	-34.56709
14652675000.00000	-34.29695	-34.81357
14662670000.00000	-32.45698	-33.92228
14672665000.00000	-31.45843	-31.08560
14682660000.00000	-31.26040	-30.64885
14692655000.00000	-32.60584	-32.28364
14702650000.00000	-34.82134	-31.60111
14712645000.00000	-35.16045	-31.06089
14722640000.00000	-34.61928	-33.57059
14732635000.00000	-34.89215	-36.74565
14742630000.00000	-35.88014	-36.41539
14752625000.00000	-35.12202	-38.68289
14762620000.00000	-33.19497	-48.72874
14772615000.00000	-31.32737	-41.43593
14782610000.00000	-30.25992	-37.33393
14792605000.00000	-29.73028	-38.48061
14802600000.00000	-29.55756	-42.75758
14812595000.00000	-30.31546	-41.07841
14822590000.00000	-30.65078	-48.06125
14832585000.00000	-30.62717	-42.89882
14842580000.00000	-30.58179	-37.43616
14852575000.00000	-30.50186	-39.87173
14862570000.00000	-30.24592	-42.47281
14872565000.00000	-29.45787	-40.93861
14882560000.00000	-28.44055	-48.35114
14892555000.00000	-27.98562	-45.06984
14902550000.00000	-27.89580	-42.81150
14912545000.00000	-28.85187	-42.54536
14922540000.00000	-30.89584	-36.16018
14932535000.00000	-32.22338	-35.36627
14942530000.00000	-31.85296	-38.44041
14952525000.00000	-30.33306	-37.61605
14962520000.00000	-28.90350	-36.67431
14972515000.00000	-27.61911	-38.81749
14982510000.00000	-26.78986	-42.18182
14992505000.00000	-26.73344	-35.97613
15002500000.00000	-27.54449	-32.97857
15012495000.00000	-27.82916	-33.32339
15022490000.00000	-28.29756	-31.96151
15032485000.00000	-29.40108	-29.84194
15042480000.00000	-30.86722	-30.26386
15052475000.00000	-30.91841	-31.44564
15062470000.00000	-30.05698	-30.17838
15072465000.00000	-29.66679	-29.69501
15082460000.00000	-29.53521	-30.85515
15092455000.00000	-29.19714	-32.31658
15102450000.00000	-29.49597	-31.54455
15112445000.00000	-30.29158	-31.03178
15122440000.00000	-31.00902	-32.33502
15132435000.00000	-31.46215	-34.43196
15142430000.00000	-31.81909	-34.09954
15152425000.00000	-31.27357	-33.75169
15162420000.00000	-29.68892	-35.14254
15172415000.00000	-28.53713	-35.12104
15182410000.00000	-28.25656	-32.47957
15192405000.00000	-28.55548	-30.48438
15202400000.00000	-28.65290	-29.81231
15212395000.00000	-29.90223	-28.88836
15222390000.00000	-32.51163	-27.37410
15232385000.00000	-32.87093	-27.12998
15242380000.00000	-31.88297	-27.25504
15252375000.00000	-32.06904	-26.59371
15262370000.00000	-32.28628	-26.47056
15272365000.00000	-30.68099	-27.83578
15282360000.00000	-28.72204	-29.54484
15292355000.00000	-28.01871	-30.59359
15302350000.00000	-28.05742	-31.28346
15312345000.00000	-27.95585	-32.28772
15322340000.00000	-28.44682	-32.26646
15332335000.00000	-29.84216	-31.04623
15342330000.00000	-31.16044	-31.31574
15352325000.00000	-31.26801	-33.50395
15362320000.00000	-31.35641	-34.86212
15372315000.00000	-30.92849	-34.54419
15382310000.00000	-29.55456	-33.67290
15392305000.00000	-28.18534	-32.71587
15402300000.00000	-27.93515	-31.00903
15412295000.00000	-28.53699	-28.89907
15422290000.00000	-29.08307	-27.98705
15432285000.00000	-30.14559	-27.94658
15442280000.00000	-32.21053	-27.65674
15452275000.00000	-33.27759	-27.26070
15462270000.00000	-32.24559	-27.76830
15472265000.00000	-31.19452	-28.65586
15482260000.00000	-31.76907	-29.54966
15492255000.00000	-32.29112	-31.14116
15502250000.00000	-31.12871	-32.94214
15512245000.00000	-30.39723	-33.97833
15522240000.00000	-31.00993	-33.63160
15532235000.00000	-32.54165	-34.19140
15542230000.00000	-34.93501	-37.01636
15552225000.00000	-39.08244	-41.89053
15562220000.00000	-43.61437	-43.62801
15572215000.00000	-42.83392	-39.44997
15582210000.00000	-40.75185	-36.20309
15592205000.00000	-39.61342	-33.89751
15602200000.00000	-36.45457	-31.72496
15612195000.00000	-33.52221	-30.64404
15622190000.00000	-32.37458	-31.82314
15632185000.00000	-31.94169	-33.15521
15642180000.00000	-31.12040	-32.13790
15652175000.00000	-30.49421	-32.43387
15662170000.00000	-30.68393	-35.59069
15672165000.00000	-30.25378	-39.65493
15682160000.00000	-29.16281	-41.19804
15692155000.00000	-28.21519	-41.26126
15702150000.00000	-28.42786	-41.16867
15712145000.00000	-29.32096	-40.02188
15722140000.00000	-29.97095	-39.39822
15732135000.00000	-31.01947	-41.21197
15742130000.00000	-32.16690	-47.30167
15752125000.00000	-33.02948	-51.31572
15762120000.00000	-33.59625	-67.68720
15772115000.00000	-35.24105	-43.73765
15782110000.00000	-36.97355	-36.73002
15792105000.00000	-36.84738	-32.39406
15802100000.00000	-36.09131	-29.64303
15812095000.00000	-35.82585	-28.14641
15822090000.00000	-34.85127	-27.75393
15832085000.00000	-33.27187	-27.66588
15842080000.00000	-33.27896	-27.91978
15852075000.00000	-34.35350	-29.00742
15862070000.00000	-33.37747	-30.20904
15872065000.00000	-31.51528	-30.36392
15882060000.00000	-30.74979	-30.02544
15892055000.00000	-31.21316	-29.40634
15902050000.00000	-31.80618	-28.46348
15912045000.00000	-31.22915	-27.73315
15922040000.00000	-30.99956	-27.77507
15932035000.00000	-32.08343	-28.95661
15942030000.00000	-33.28239	-30.31222
15952025000.00000	-33.89241	-30.96683
15962020000.00000	-35.29915	-30.68071
15972015000.00000	-37.01734	-30.22915
15982010000.00000	-36.26283	-29.62908
15992005000.00000	-34.10470	-28.00204
16002000000.00000	-32.70667	-26.06525
16011995000.00000	-32.72066	-24.84150
16021990000.00000	-32.44892	-24.28416
16031985000.00000	-32.04370	-24.11993
16041980000.00000	-32.73228	-24.37132
16051975000.00000	-34.06173	-24.87044
16061970000.00000	-33.60013	-25.16481
16071965000.00000	-32.72766	-25.16343
16081960000.00000	-32.79942	-25.07316
16091955000.00000	-33.57844	-24.94002
16101950000.00000	-33.73285	-24.68769
16111945000.00000	-33.44198	-24.50356
16121940000.00000	-34.42500	-24.94960
16131935000.00000	-35.98641	-25.80270
16141930000.00000	-36.28849	-26.20427
16151925000.00000	-34.75557	-26.51051
16161920000.00000	-34.29897	-26.96007
16171915000.00000	-34.65950	-27.09350
16181910000.00000	-34.56191	-26.29254
16191905000.00000	-34.20893	-25.16318
16201900000.00000	-35.27051	-24.25577
16211895000.00000	-34.90302	-23.33267
16221890000.00000	-32.97225	-22.54346
16231885000.00000	-32.01612	-22.31295
16241880000.00000	-32.24978	-22.83651
16251875000.00000	-31.95216	-23.18522
16261870000.00000	-31.22382	-23.33358
16271865000.00000	-31.06794	-23.89386
16281860000.00000	-30.86927	-24.62850
16291855000.00000	-30.30596	-24.76176
16301850000.00000	-29.41192	-24.47150
16311845000.00000	-29.63238	-24.63980
16321840000.00000	-30.30931	-24.83825
16331835000.00000	-30.25854	-24.60838
16341830000.00000	-29.20096	-24.78149
16351825000.00000	-28.47671	-25.90235
16361820000.00000	-28.41602	-26.86363
16371815000.00000	-28.32161	-26.30054
16381810000.00000	-28.34803	-25.27008
16391805000.00000	-28.58594	-24.92147
16401800000.00000	-29.25371	-24.61531
16411795000.00000	-29.28322	-23.81131
16421790000.00000	-29.04093	-23.24165
16431785000.00000	-29.54698	-23.35844
16441780000.00000	-30.16959	-23.53222
16451775000.00000	-30.06226	-23.45309
16461770000.00000	-29.22782	-24.22320
16471765000.00000	-28.59179	-25.48548
16481760000.00000	-28.74171	-25.82057
16491755000.00000	-28.86989	-25.74466
16501750000.00000	-29.58812	-26.51807
16511745000.00000	-30.60449	-27.48236
16521740000.00000	-30.80589	-27.78944
16531735000.00000	-29.92289	-28.92740
16541730000.00000	-29.37758	-31.35288
16551725000.00000	-29.29718	-32.36088
16561720000.00000	-29.19344	-31.53290
16571715000.00000	-28.97399	-32.21843
16581710000.00000	-29.68446	-33.49350
16591705000.00000	-30.83211	-32.35397
16601700000.00000	-30.93159	-30.10495
16611695000.00000	-30.79427	-29.21391
16621690000.00000	-30.90075	-29.64395
16631685000.00000	-30.34891	-29.11317
16641680000.00000	-29.57146	-28.72009
16651675000.00000	-29.74085	-29.79302
16661670000.00000	-30.54869	-31.46301
16671665000.00000	-30.78249	-31.78312
16681660000.00000	-29.96795	-32.84012
16691655000.00000	-29.92356	-36.16226
16701650000.00000	-30.55522	-37.39994
16711645000.00000	-30.32803	-35.95509
16721640000.00000	-30.13365	-36.99578
16731635000.00000	-30.77602	-39.08551
16741630000.00000	-31.17017	-39.27943
16751625000.00000	-30.54803	-38.63121
16761620000.00000	-30.70647	-42.13214
16771615000.00000	-31.00320	-47.50515
16781610000.00000	-29.80831	-47.92994
16791605000.00000	-27.98068	-66.57458
16801600000.00000	-27.28445	-48.84542
16811595000.00000	-27.34328	-47.53928
16821590000.00000	-27.40602	-48.63419
16831585000.00000	-27.63299	-41.41685
16841580000.00000	-28.32692	-38.48297
16851575000.00000	-28.78245	-40.97463
16861570000.00000	-28.39444	-43.77254
16871565000.00000	-27.81944	-42.85751
16881560000.00000	-27.70316	-42.57606
16891555000.00000	-27.70586	-43.55061
16901550000.00000	-27.64275	-44.55521
16911545000.00000	-28.23028	-47.00849
16921540000.00000	-29.74140	-44.27210
16931535000.00000	-30.97097	-42.27982
16941530000.00000	-31.10058	-43.63797
16951525000.00000	-31.41291	-41.23528
16961520000.00000	-31.62549	-37.15978
16971515000.00000	-30.65621	-35.14746
16981510000.00000	-29.83557	-34.26614
16991505000.00000	-29.41909	-33.47824
17001500000.00000	-28.98450	-32.77042
17011495000.00000	-28.25226	-33.54051
17021490000.00000	-28.13633	-36.07362
17031485000.00000	-28.64580	-36.99656
17041480000.00000	-28.93225	-38.48715
17051475000.00000	-29.05732	-41.54627
17061470000.00000	-29.23607	-38.91786
17071465000.00000	-29.70830	-38.30495
17081460000.00000	-29.50701	-40.32539
17091455000.00000	-29.53284	-39.85742
17101450000.00000	-30.29097	-38.33402
17111445000.00000	-31.16413	-39.04359
17121440000.00000	-31.65546	-39.51010
17131435000.00000	-31.26491	-38.65968
17141430000.00000	-31.59502	-36.35632
17151425000.00000	-31.34851	-34.81584
17161420000.00000	-30.64701	-34.08228
17171415000.00000	-30.78263	-32.60095
17181410000.00000	-31.07798	-31.49248
17191405000.00000	-30.93656	-31.29458
17201400000.00000	-30.24811	-31.16645
17211395000.00000	-30.08801	-29.87501
17221390000.00000	-30.67186	-28.41086
17231385000.00000	-31.18553	-27.93532
17241380000.00000	-31.61261	-28.53692
17251375000.00000	-32.11600	-28.34169
17261370000.00000	-32.67248	-27.91966
17271365000.00000	-32.72926	-28.43688
17281360000.00000	-32.74073	-29.39933
17291355000.00000	-33.62619	-30.63374
17301350000.00000	-34.68004	-32.43916
17311345000.00000	-35.97274	-34.09171
17321340000.00000	-37.77599	-33.67262
17331335000.00000	-40.37341	-32.47720
17341330000.00000	-42.47468	-32.03478
17351325000.00000	-42.57026	-31.91100
17361320000.00000	-42.35185	-30.61386
17371315000.00000	-42.05705	-29.09872
17381310000.00000	-42.43552	-29.19988
17391305000.00000	-42.69574	-29.61818
17401300000.00000	-40.08188	-29.65168
17411295000.00000	-38.81554	-29.40169
17421290000.00000	-39.11179	-29.28914
17431285000.00000	-39.71906	-28.64373
17441280000.00000	-39.32533	-27.41962
17451275000.00000	-38.85696	-26.62443
17461270000.00000	-39.87677	-26.51567
17471265000.00000	-40.53661	-26.26110
17481260000.00000	-41.40129	-25.88852
17491255000.00000	-41.51483	-26.24098
17501250000.00000	-41.10410	-27.23797
17511245000.00000	-41.74339	-28.15676
17521240000.00000	-43.20181	-28.62834
17531235000.00000	-43.02688	-29.35161
17541230000.00000	-41.03263	-29.90873
17551225000.00000	-37.59414	-29.72719
17561220000.00000	-36.07732	-29.43412
17571215000.00000	-36.68224	-29.91755
17581210000.00000	-39.58664	-30.80536
17591205000.00000	-41.18573	-31.52621
17601200000.00000	-39.15722	-32.94036
17611195000.00000	-38.17229	-35.79488
17621190000.00000	-38.77550	-36.32785
17631185000.00000	-39.71283	-34.39313
17641180000.00000	-39.30150	-32.69236
17651175000.00000	-38.90051	-31.91712
17661170000.00000	-38.14742	-31.06827
17671165000.00000	-36.66437	-30.35533
17681160000.00000	-34.54624	-30.82200
17691155000.00000	-33.47500	-31.64932
17701150000.00000	-33.65319	-31.57053
17711145000.00000	-33.88593	-31.47386
17721140000.00000	-34.12023	-32.21832
17731135000.00000	-34.38380	-32.56480
17741130000.00000	-34.52549	-31.97133
17751125000.00000	-33.70540	-32.23434
17761120000.00000	-32.82082	-32.95090
17771115000.00000	-32.70185	-33.07490
17781110000.00000	-33.40810	-32.58686
17791105000.00000	-33.98296	-33.27064
17801100000.00000	-35.77974	-34.98255
17811095000.00000	-38.23284	-37.18326
17821090000.00000	-40.12196	-39.92644
17831085000.00000	-40.17586	-43.23722
17841080000.00000	-38.41476	-42.83421
17851075000.00000	-37.65411	-39.86879
17861070000.00000	-37.32963	-36.89951
17871065000.00000	-37.22443	-35.26694
17881060000.00000	-36.77149	-34.63180
17891055000.00000	-36.55074	-33.90408
17901050000.00000	-36.34624	-33.79309
17911045000.00000	-36.22175	-35.79368
17921040000.00000	-36.72426	-37.55896
17931035000.00000	-37.17663	-38.58322
17941030000.00000	-37.25022	-40.88606
17951025000.00000	-35.78192	-41.83622
17961020000.00000	-34.21738	-40.86980
17971015000.00000	-33.50403	-40.08523
17981010000.00000	-33.01547	-40.59150
17991005000.00000	-33.52784	-40.18869
18001000000.00000	-34.62928	-38.29269
18010995000.00000	-35.60503	-38.31467
18020990000.00000	-37.63545	-38.46023
18030985000.00000	-39.97093	-37.56402
18040980000.00000	-41.07442	-37.55054
18050975000.00000	-39.44476	-38.00453
18060970000.00000	-37.69760	-37.17126
18070965000.00000	-36.87671	-36.90740
18080960000.00000	-37.30536	-37.76134
18090955000.00000	-37.06266	-38.23870
18100950000.00000	-36.92593	-39.82223
18110945000.00000	-37.60980	-45.11501
18120940000.00000	-37.34504	-48.89957
18130935000.00000	-36.38590	-48.65505
18140930000.00000	-35.89573	-46.31251
18150925000.00000	-35.22106	-43.46224
18160920000.00000	-35.78315	-42.30879
18170915000.00000	-36.35101	-40.92588
18180910000.00000	-35.99660	-38.52636
18190905000.00000	-36.54687	-36.75760
18200900000.00000	-36.98741	-35.51732
18210895000.00000	-37.79703	-34.19562
18220890000.00000	-40.00233	-32.41825
18230885000.00000	-42.94594	-31.31717
18240880000.00000	-47.66423	-30.98164
18250875000.00000	-50.56727	-30.53736
18260870000.00000	-40.57344	-30.41882
18270865000.00000	-37.25996	-30.93138
18280860000.00000	-36.17134	-31.57098
18290855000.00000	-36.59274	-32.74060
18300850000.00000	-38.57977	-35.15705
18310845000.00000	-42.56849	-38.38140
18320840000.00000	-46.39776	-41.16058
18330835000.00000	-49.02534	-40.24627
18340830000.00000	-46.91956	-38.24129
18350825000.00000	-45.66905	-36.79754
18360820000.00000	-43.76744	-35.14540
18370815000.00000	-43.05006	-33.67193
18380810000.00000	-45.08769	-33.06512
18390805000.00000	-52.84806	-32.50181
18400800000.00000	-51.14027	-31.73208
18410795000.00000	-40.64554	-30.26909
18420790000.00000	-36.13976	-29.67204
18430785000.00000	-34.20559	-29.29638
18440780000.00000	-33.88352	-29.08869
18450775000.00000	-33.41847	-29.08515
18460770000.00000	-33.76046	-29.50888
18470765000.00000	-34.12194	-29.51887
18480760000.00000	-34.49724	-29.75311
18490755000.00000	-35.54903	-30.99525
18500750000.00000	-38.91969	-33.30726
18510745000.00000	-42.74829	-35.81977
18520740000.00000	-41.77502	-38.27913
18530735000.00000	-39.10464	-40.92871
18540730000.00000	-36.47845	-41.48249
18550725000.00000	-35.40214	-39.75187
18560720000.00000	-35.03267	-38.09728
18570715000.00000	-35.49058	-36.78102
18580710000.00000	-37.67417	-35.89310
18590705000.00000	-40.64819	-34.72049
18600700000.00000	-39.61147	-33.02275
18610695000.00000	-36.25334	-31.73239
18620690000.00000	-33.08425	-30.29677
18630685000.00000	-30.67763	-28.68925
18640680000.00000	-28.97728	-27.75312
18650675000.00000	-28.38001	-27.14262
18660670000.00000	-28.64569	-26.91867
18670665000.00000	-29.23822	-26.54472
18680660000.00000	-30.43968	-26.66663
18690655000.00000	-33.07123	-27.30423
18700650000.00000	-36.57193	-28.22316
18710645000.00000	-39.82604	-29.73738
18720640000.00000	-40.79590	-32.23072
18730635000.00000	-38.18115	-35.03619
18740630000.00000	-35.56737	-36.46140
18750625000.00000	-33.83390	-36.20035
18760620000.00000	-32.53622	-35.89238
18770615000.00000	-32.86064	-35.39575
18780610000.00000	-33.33821	-34.40192
18790605000.00000	-33.80514	-33.66512
18800600000.00000	-34.30766	-33.00398
18810595000.00000	-34.01819	-31.94405
18820590000.00000	-31.98892	-30.39850
18830585000.00000	-30.02494	-29.18006
18840580000.00000	-28.82274	-28.16654
18850575000.00000	-28.46595	-27.06269
18860570000.00000	-28.35641	-26.47511
18870565000.00000	-28.70391	-26.69863
18880560000.00000	-29.70846	-27.36428
18890555000.00000	-31.57100	-28.33119
18900550000.00000	-34.21173	-29.61139
18910545000.00000	-39.23417	-32.10641
18920540000.00000	-44.95218	-35.55216
18930535000.00000	-39.67680	-40.52693
18940530000.00000	-35.96946	-44.87253
18950525000.00000	-33.63553	-41.28855
18960520000.00000	-32.82398	-38.83388
18970515000.00000	-32.46639	-37.30480
18980510000.00000	-32.08382	-36.57728
18990505000.00000	-32.60477	-36.60631
19000500000.00000	-34.14185	-36.37665
19010495000.00000	-35.56960	-34.51347
19020490000.00000	-34.74114	-33.09432
19030485000.00000	-32.88585	-31.85727
19040480000.00000	-32.34380	-30.41116
19050475000.00000	-32.38502	-29.42434
19060470000.00000	-32.72211	-29.01390
19070465000.00000	-32.98813	-29.29534
19080460000.00000	-33.71494	-30.02969
19090455000.00000	-33.95729	-31.49580
19100450000.00000	-35.61896	-33.85316
19110445000.00000	-38.36643	-36.22204
19120440000.00000	-39.54082	-40.98584
19130435000.00000	-38.74026	-43.62804
19140430000.00000	-34.87414	-38.11720
19150425000.00000	-32.49308	-36.43078
19160420000.00000	-32.44457	-35.46010
19170415000.00000	-32.89668	-34.91004
19180410000.00000	-33.21729	-35.05109
19190405000.00000	-34.62333	-34.72866
19200400000.00000	-38.06262	-34.28781
19210395000.00000	-42.06763	-34.26033
19220390000.00000	-45.06223	-33.93857
19230385000.00000	-41.61148	-32.66036
19240380000.00000	-40.06774	-31.31429
19250375000.00000	-39.32934	-30.20270
19260370000.00000	-38.73171	-29.64729
19270365000.00000	-38.76858	-29.47139
19280360000.00000	-38.41787	-29.75724
19290355000.00000	-39.18342	-31.40370
19300350000.00000	-40.51417	-34.25490
19310345000.00000	-39.19680	-38.24413
19320340000.00000	-37.71538	-48.50109
19330335000.00000	-34.26613	-41.22915
19340330000.00000	-31.33039	-34.28895
19350325000.00000	-29.49812	-30.55973
19360320000.00000	-28.13580	-28.40137
19370315000.00000	-27.92238	-27.61259
19380310000.00000	-28.82615	-27.48744
19390305000.00000	-30.34932	-27.52369
19400300000.00000	-31.86207	-28.00357
19410295000.00000	-33.99563	-29.00253
19420290000.00000	-36.51297	-29.69042
19430285000.00000	-36.02981	-29.31936
19440280000.00000	-33.61250	-28.47244
19450275000.00000	-31.68355	-27.93521
19460270000.00000	-30.54179	-27.37329
19470265000.00000	-29.97738	-26.63569
19480260000.00000	-30.49819	-26.50643
19490255000.00000	-31.80066	-27.18881
19500250000.00000	-32.72311	-28.29467
19510245000.00000	-31.77997	-29.40708
19520240000.00000	-29.25773	-29.98466
19530235000.00000	-26.75455	-28.80268
19540230000.00000	-24.98334	-26.83002
19550225000.00000	-23.77307	-25.23459
19560220000.00000	-23.07920	-24.39041
19570215000.00000	-23.22091	-24.00161
19580210000.00000	-23.86949	-23.66301
19590205000.00000	-24.65020	-23.84199
19600200000.00000	-25.97068	-24.92328
19610195000.00000	-27.46578	-26.34848
19620190000.00000	-28.08604	-27.70670
19630185000.00000	-27.53612	-28.25517
19640180000.00000	-26.37065	-27.58683
19650175000.00000	-25.24534	-25.94599
19660170000.00000	-24.13038	-24.34576
19670165000.00000	-23.41989	-23.39140
19680160000.00000	-23.40597	-23.07385
19690155000.00000	-23.67188	-23.03456
19700150000.00000	-23.76768	-23.28403
19710145000.00000	-23.59504	-24.01280
19720140000.00000	-23.31820	-24.49860
19730135000.00000	-22.76057	-24.40391
19740130000.00000	-22.07901	-24.06837
19750125000.00000	-21.70044	-23.59694
19760120000.00000	-21.78637	-23.07590
19770115000.00000	-21.88669	-22.49936
19780110000.00000	-22.15498	-22.52345
19790105000.00000	-23.02988	-22.96647
19800100000.00000	-24.21497	-23.56419
19810095000.00000	-25.27907	-24.37750
19820090000.00000	-25.87021	-25.49032
19830085000.00000	-25.97542	-25.95951
19840080000.00000	-25.45199	-25.33398
19850075000.00000	-24.32520	-24.14505
19860070000.00000	-23.37461	-23.07304
19870065000.00000	-22.79070	-22.29198
19880060000.00000	-22.64751	-21.43985
19890055000.00000	-22.62575	-21.13928
19900050000.00000	-22.80623	-21.62605
19910045000.00000	-23.25088	-22.25901
19920040000.00000	-23.48314	-22.98402
19930035000.00000	-23.49633	-23.85289
19940030000.00000	-23.47703	-24.52092
19950025000.00000	-23.59835	-24.74357
19960020000.00000	-23.50787	-24.65647
19970015000.00000	-23.46936	-24.99628
19980010000.00000	-23.73063	-25.39841
19990005000.00000	-24.49917	-25.44779
20000000000.00000	-25.16640	-25.85241
