10000000.00000	-30.44701	-30.60964
19995000.00000	-32.71168	-32.15725
29990000.00000	-36.18512	-35.84355
39985000.00000	-36.87895	-38.19498
49980000.00000	-35.60423	-35.35113
59975000.00000	-32.97453	-32.49396
69970000.00000	-33.14297	-32.49057
79965000.00000	-38.40202	-34.70745
89960000.00000	-37.00657	-33.82362
99955000.00000	-32.20918	-31.47751
109950000.00000	-32.63985	-32.25320
119945000.00000	-38.59463	-36.15383
129940000.00000	-32.76470	-33.06144
139935000.00000	-29.69982	-30.66110
149930000.00000	-32.65571	-32.55705
159925000.00000	-47.87194	-36.73576
169920000.00000	-31.44354	-31.89670
179915000.00000	-29.19131	-30.94147
189910000.00000	-33.55905	-35.96865
199905000.00000	-40.82233	-35.47313
209900000.00000	-29.80482	-29.87002
219895000.00000	-29.04883	-30.56685
229890000.00000	-36.02808	-38.69188
239885000.00000	-35.57294	-34.56535
249880000.00000	-29.26454	-29.76821
259875000.00000	-30.97436	-31.25681
269870000.00000	-44.95765	-37.61206
279865000.00000	-30.85323	-31.87173
289860000.00000	-28.40280	-29.75046
299855000.00000	-32.77230	-33.86385
309850000.00000	-42.15682	-39.26421
319845000.00000	-30.58898	-30.30382
329840000.00000	-30.08409	-29.31305
339835000.00000	-39.15054	-34.66127
349830000.00000	-34.75023	-38.00368
359825000.00000	-28.78029	-30.99389
369820000.00000	-30.09445	-32.37208
379815000.00000	-41.46244	-42.84252
389810000.00000	-33.04305	-30.80410
399805000.00000	-28.84268	-28.13748
409800000.00000	-30.89644	-31.79918
419795000.00000	-46.95363	-46.12292
429790000.00000	-33.98822	-30.37893
439785000.00000	-30.56778	-28.46540
449780000.00000	-34.37951	-32.65840
459775000.00000	-37.10620	-37.79844
469770000.00000	-29.88285	-30.79533
479765000.00000	-29.58448	-31.41481
489760000.00000	-38.33252	-40.82781
499755000.00000	-34.85281	-33.03396
509750000.00000	-29.38380	-29.93465
519745000.00000	-31.97408	-33.90271
529740000.00000	-49.74845	-39.80778
539735000.00000	-30.16556	-29.92197
549730000.00000	-28.01177	-29.22741
559725000.00000	-32.53490	-35.73940
569720000.00000	-39.84105	-38.76330
579715000.00000	-30.56169	-30.90439
589710000.00000	-30.68368	-32.41876
599705000.00000	-40.52353	-45.04953
609700000.00000	-35.06268	-32.99562
619695000.00000	-30.43885	-29.85621
629690000.00000	-33.02980	-33.28420
639685000.00000	-50.84127	-51.94145
649680000.00000	-32.85146	-32.28128
659675000.00000	-30.68076	-30.38265
669670000.00000	-35.76973	-35.78779
679665000.00000	-42.86369	-40.79356
689660000.00000	-32.53692	-32.54620
699655000.00000	-33.30190	-34.20049
709650000.00000	-50.57957	-50.53286
719645000.00000	-34.48040	-33.75435
729640000.00000	-31.22563	-31.61788
739635000.00000	-35.08767	-36.21247
749630000.00000	-48.03195	-42.59467
759625000.00000	-34.45940	-35.16894
769620000.00000	-34.21706	-36.35801
779615000.00000	-45.84888	-49.21868
789610000.00000	-36.55434	-36.46236
799605000.00000	-31.83584	-34.00213
809600000.00000	-33.68615	-37.52412
819595000.00000	-36.15902	-39.26881
829590000.00000	-30.59415	-33.32256
839585000.00000	-28.98474	-32.26926
849580000.00000	-31.30756	-34.80423
859575000.00000	-33.05818	-35.48953
869570000.00000	-29.93247	-32.70562
879565000.00000	-28.60925	-31.00606
889560000.00000	-28.40409	-29.33844
899555000.00000	-28.00552	-28.66857
909550000.00000	-29.86129	-30.68767
919545000.00000	-38.15216	-34.55815
929540000.00000	-36.41954	-32.76633
939535000.00000	-30.95074	-32.52805
949530000.00000	-32.21467	-38.71884
959525000.00000	-37.87385	-38.44120
969520000.00000	-35.23311	-32.40153
979515000.00000	-33.34273	-33.07875
989510000.00000	-36.94947	-42.34462
999505000.00000	-36.98480	-38.02854
1009500000.00000	-31.44588	-32.62836
1019495000.00000	-31.15966	-34.28695
1029490000.00000	-37.29080	-40.71260
1039485000.00000	-37.63740	-33.38038
1049480000.00000	-31.29406	-31.05925
1059475000.00000	-30.90125	-35.77082
1069470000.00000	-31.67086	-44.46171
1079465000.00000	-30.20716	-32.50143
1089460000.00000	-31.33540	-33.25436
1099455000.00000	-36.00622	-41.41994
1109450000.00000	-30.69588	-31.40213
1119445000.00000	-28.43569	-28.90230
1129440000.00000	-31.47241	-32.87658
1139435000.00000	-35.37264	-36.65989
1149430000.00000	-29.12715	-29.82675
1159425000.00000	-28.06512	-29.26095
1169420000.00000	-31.76383	-33.87076
1179415000.00000	-35.13782	-35.23061
1189410000.00000	-30.36410	-30.82073
1199405000.00000	-29.84680	-31.42646
1209400000.00000	-32.89593	-35.10541
1219395000.00000	-31.37834	-32.27480
1229390000.00000	-28.66823	-29.84910
1239385000.00000	-30.22776	-32.44870
1249380000.00000	-34.11216	-36.87707
1259375000.00000	-29.05622	-30.15553
1269370000.00000	-27.37508	-28.48258
1279365000.00000	-30.83371	-33.22257
1289360000.00000	-32.23204	-35.54862
1299355000.00000	-27.77086	-29.69880
1309350000.00000	-28.69223	-30.27646
1319345000.00000	-37.79226	-36.21848
1329340000.00000	-31.04457	-30.87754
1339335000.00000	-27.31740	-28.26125
1349330000.00000	-29.64813	-30.41512
1359325000.00000	-38.54266	-34.82736
1369320000.00000	-30.84653	-31.50026
1379315000.00000	-28.27652	-30.40991
1389310000.00000	-30.97782	-33.67304
1399305000.00000	-32.55844	-32.73230
1409300000.00000	-27.65636	-28.48599
1419295000.00000	-26.92450	-27.99652
1429290000.00000	-31.89158	-31.72806
1439285000.00000	-33.41026	-33.04491
1449280000.00000	-26.67239	-28.93219
1459275000.00000	-26.63061	-29.41618
1469270000.00000	-33.77345	-33.42336
1479265000.00000	-30.84788	-29.91114
1489260000.00000	-26.60836	-28.17253
1499255000.00000	-28.64107	-30.93810
1509250000.00000	-36.37251	-35.32037
1519245000.00000	-29.45392	-30.57252
1529240000.00000	-27.62377	-29.13187
1539235000.00000	-31.41788	-30.78813
1549230000.00000	-34.08537	-30.77681
1559225000.00000	-28.70416	-28.82569
1569220000.00000	-28.17908	-28.52552
1579215000.00000	-33.55694	-31.18758
1589210000.00000	-34.11554	-32.49576
1599205000.00000	-27.64103	-29.47249
1609200000.00000	-27.36160	-29.76843
1619195000.00000	-32.45825	-35.18405
1629190000.00000	-31.01490	-31.87928
1639185000.00000	-27.06605	-28.51602
1649180000.00000	-29.05411	-30.19593
1659175000.00000	-43.75542	-35.70977
1669170000.00000	-31.07619	-32.04472
1679165000.00000	-28.44416	-31.19865
1689160000.00000	-33.36967	-33.89561
1699155000.00000	-36.27717	-31.48542
1709150000.00000	-28.40524	-28.95062
1719145000.00000	-28.12233	-29.24333
1729140000.00000	-33.51952	-31.29574
1739135000.00000	-33.25379	-31.31003
1749130000.00000	-27.46449	-29.42719
1759125000.00000	-26.74636	-29.60877
1769120000.00000	-30.38093	-36.48591
1779115000.00000	-30.01131	-33.58075
1789110000.00000	-25.41680	-27.14663
1799105000.00000	-25.08544	-26.46121
1809100000.00000	-30.04828	-30.65117
1819095000.00000	-39.95646	-33.41196
1829090000.00000	-28.77183	-29.21581
1839085000.00000	-28.24009	-30.22249
1849080000.00000	-33.74145	-40.66149
1859075000.00000	-33.79464	-35.90814
1869070000.00000	-30.13482	-31.20016
1879065000.00000	-31.68368	-32.68018
1889060000.00000	-32.96106	-45.72944
1899055000.00000	-28.44522	-35.65024
1909050000.00000	-26.89985	-30.06089
1919045000.00000	-29.41730	-30.48839
1929040000.00000	-38.71552	-34.29308
1939035000.00000	-29.33747	-30.20625
1949030000.00000	-25.76053	-27.30692
1959025000.00000	-27.97809	-29.75530
1969020000.00000	-46.61961	-38.89891
1979015000.00000	-29.75850	-30.65987
1989010000.00000	-27.13765	-28.77757
1999005000.00000	-31.84617	-34.57724
2009000000.00000	-32.28538	-34.34439
2018995000.00000	-26.11310	-27.49851
2028990000.00000	-25.97683	-26.92602
2038985000.00000	-31.67932	-30.66765
2048980000.00000	-33.20757	-31.37151
2058975000.00000	-27.33312	-27.72305
2068970000.00000	-27.43072	-27.60204
2078965000.00000	-32.81742	-30.74103
2088960000.00000	-29.33810	-28.39476
2098955000.00000	-24.50925	-24.39574
2108950000.00000	-24.61416	-24.19012
2118945000.00000	-28.48595	-28.51123
2128940000.00000	-25.79678	-31.35958
2138935000.00000	-22.85883	-26.67227
2148930000.00000	-25.19343	-28.56160
2158925000.00000	-31.57911	-34.47328
2168920000.00000	-24.09317	-25.72808
2178915000.00000	-22.40845	-23.76690
2188910000.00000	-26.13410	-27.16302
2198905000.00000	-28.52549	-31.73613
2208900000.00000	-23.62686	-26.60107
2218895000.00000	-23.50246	-26.20768
2228890000.00000	-28.33041	-30.30457
2238885000.00000	-27.83012	-28.02799
2248880000.00000	-22.97787	-24.12150
2258875000.00000	-22.88631	-24.49155
2268870000.00000	-27.95540	-28.89583
2278865000.00000	-27.51758	-25.91805
2288860000.00000	-22.81762	-22.24039
2298855000.00000	-24.22482	-23.21024
2308850000.00000	-32.11528	-27.65696
2318845000.00000	-23.48750	-24.28741
2328840000.00000	-20.75791	-22.25574
2338835000.00000	-23.68495	-25.41221
2348830000.00000	-27.28130	-28.33060
2358825000.00000	-21.67601	-23.14086
2368820000.00000	-21.16286	-22.86532
2378815000.00000	-26.13902	-26.62096
2388810000.00000	-26.35664	-24.89156
2398805000.00000	-21.59629	-21.93203
2408800000.00000	-22.03982	-22.77138
2418795000.00000	-26.84998	-25.87474
2428790000.00000	-24.34567	-23.45387
2438785000.00000	-20.56599	-20.80300
2448780000.00000	-21.56468	-21.64349
2458775000.00000	-27.83338	-24.46255
2468770000.00000	-23.20163	-21.93274
2478765000.00000	-20.05394	-20.28548
2488760000.00000	-22.62317	-22.58714
2498755000.00000	-28.92682	-24.69761
2508750000.00000	-21.83369	-21.29736
2518745000.00000	-20.50814	-21.34155
2528740000.00000	-24.94767	-25.94747
2538735000.00000	-25.32339	-23.59989
2548730000.00000	-20.29756	-20.02862
2558725000.00000	-20.61773	-21.03673
2568720000.00000	-26.12459	-25.51082
2578715000.00000	-24.11440	-23.20042
2588710000.00000	-20.18320	-20.63772
2598705000.00000	-21.11137	-22.00753
2608700000.00000	-25.53815	-24.90065
2618695000.00000	-22.02587	-21.52361
2628690000.00000	-19.27017	-19.51633
2638685000.00000	-21.18192	-21.50129
2648680000.00000	-26.75880	-24.94747
2658675000.00000	-21.55247	-21.17554
2668670000.00000	-19.72846	-20.17576
2678665000.00000	-23.55440	-23.40717
2688660000.00000	-26.71441	-23.32422
2698655000.00000	-21.02079	-19.96357
2708650000.00000	-21.14774	-20.46416
2718645000.00000	-27.72004	-24.06610
2728640000.00000	-24.90315	-22.87434
2738635000.00000	-20.27653	-20.54974
2748630000.00000	-21.16652	-21.70946
2758625000.00000	-26.88318	-24.22946
2768620000.00000	-23.63669	-22.17847
2778615000.00000	-20.38723	-20.86778
2788610000.00000	-22.26945	-22.78799
2798605000.00000	-26.34287	-24.17084
2808600000.00000	-21.02661	-21.10784
2818595000.00000	-19.18517	-20.55558
2828590000.00000	-22.22445	-24.14487
2838585000.00000	-28.10499	-24.64805
2848580000.00000	-21.67453	-20.45272
2858575000.00000	-20.55848	-20.81329
2868570000.00000	-25.27882	-25.11936
2878565000.00000	-26.21240	-23.02189
2888560000.00000	-21.25504	-20.62552
2898555000.00000	-22.01096	-22.69767
2908550000.00000	-27.97331	-25.27315
2918545000.00000	-24.62169	-21.29333
2928540000.00000	-21.12932	-20.00489
2938535000.00000	-22.40866	-22.72556
2948530000.00000	-26.93318	-25.93493
2958525000.00000	-23.03464	-21.55867
2968520000.00000	-20.44246	-20.30221
2978515000.00000	-22.59986	-23.63878
2988510000.00000	-27.55102	-25.79990
2998505000.00000	-22.07915	-20.86195
3008500000.00000	-20.45560	-20.33035
3018495000.00000	-24.24174	-24.41057
3028490000.00000	-27.74333	-24.01587
3038485000.00000	-21.32817	-20.13573
3048480000.00000	-20.52799	-20.93879
3058475000.00000	-24.52861	-25.83780
3068470000.00000	-25.67151	-23.03092
3078465000.00000	-21.39205	-20.21102
3088460000.00000	-21.70712	-22.12018
3098455000.00000	-26.44727	-26.83975
3108450000.00000	-25.46097	-22.95026
3118445000.00000	-21.77603	-20.72931
3128440000.00000	-22.47756	-22.75505
3138435000.00000	-27.52606	-26.66217
3148430000.00000	-25.36849	-23.03249
3158425000.00000	-21.84339	-21.50871
3168420000.00000	-23.15757	-24.56401
3178415000.00000	-26.35204	-25.82567
3188410000.00000	-21.89959	-21.45592
3198405000.00000	-20.26013	-21.46086
3208400000.00000	-23.07281	-26.29747
3218395000.00000	-25.98780	-24.86518
3228390000.00000	-21.58985	-21.06392
3238385000.00000	-20.87061	-22.00192
3248380000.00000	-24.34033	-25.78145
3258375000.00000	-24.82690	-22.79534
3268370000.00000	-21.09224	-20.62753
3278365000.00000	-21.19249	-22.49945
3288360000.00000	-24.64742	-25.28528
3298355000.00000	-23.32547	-22.13833
3308350000.00000	-20.19038	-20.80236
3318345000.00000	-20.78863	-23.80119
3328340000.00000	-25.35526	-27.94053
3338335000.00000	-23.81762	-22.19690
3348330000.00000	-20.26052	-20.73377
3358325000.00000	-21.25430	-24.08701
3368320000.00000	-26.28426	-25.24337
3378315000.00000	-22.78114	-20.64129
3388310000.00000	-20.17583	-20.58963
3398305000.00000	-22.32492	-24.67601
3408300000.00000	-25.05649	-23.33788
3418295000.00000	-20.93136	-19.93496
3428290000.00000	-19.87086	-20.75411
3438285000.00000	-22.57866	-24.56450
3448280000.00000	-24.07472	-22.81958
3458275000.00000	-20.67825	-20.21350
3468270000.00000	-20.30241	-21.18653
3478265000.00000	-23.21992	-24.02625
3488260000.00000	-22.77827	-22.31521
3498255000.00000	-19.64374	-20.84236
3508250000.00000	-20.08115	-23.37455
3518245000.00000	-24.02327	-26.71174
3528240000.00000	-22.15220	-21.70621
3538235000.00000	-19.33966	-20.48102
3548230000.00000	-20.70979	-24.22601
3558225000.00000	-25.12188	-25.73887
3568220000.00000	-21.89053	-20.55916
3578215000.00000	-19.89492	-20.17270
3588210000.00000	-22.45204	-23.52341
3598205000.00000	-25.40468	-23.70105
3608200000.00000	-21.47432	-21.36506
3618195000.00000	-20.97290	-22.70696
3628190000.00000	-24.76805	-25.82759
3638185000.00000	-24.42802	-22.33084
3648180000.00000	-20.58057	-20.46655
3658175000.00000	-20.92430	-22.45437
3668170000.00000	-25.05976	-25.00158
3678165000.00000	-22.97669	-21.11608
3688160000.00000	-19.98252	-19.67843
3698155000.00000	-21.57096	-22.06537
3708150000.00000	-26.12192	-23.42689
3718145000.00000	-21.63073	-19.91107
3728140000.00000	-19.81114	-19.58332
3738135000.00000	-22.72902	-22.47146
3748130000.00000	-25.50934	-21.68332
3758125000.00000	-20.76715	-19.08358
3768120000.00000	-20.00451	-20.09426
3778115000.00000	-23.77108	-24.23532
3788110000.00000	-25.42792	-21.90850
3798105000.00000	-21.52318	-19.43982
3808100000.00000	-21.81447	-20.61938
3818095000.00000	-25.10359	-22.74693
3828090000.00000	-22.60359	-20.35883
3838085000.00000	-20.38059	-19.27530
3848080000.00000	-22.00040	-21.41685
3858075000.00000	-24.43377	-22.66708
3868070000.00000	-20.56492	-19.47943
3878065000.00000	-19.21719	-19.13734
3888060000.00000	-22.39478	-22.79205
3898055000.00000	-25.69546	-22.69566
3908050000.00000	-20.38267	-18.90715
3918045000.00000	-19.70356	-19.30270
3928040000.00000	-23.48207	-23.29061
3938035000.00000	-24.10352	-21.79312
3948030000.00000	-20.64604	-19.00571
3958025000.00000	-21.45380	-20.15967
3968020000.00000	-26.34429	-22.75860
3978015000.00000	-23.45293	-20.17830
3988010000.00000	-20.61864	-18.77464
3998005000.00000	-22.15443	-20.80361
4008000000.00000	-26.15573	-23.75817
4017995000.00000	-22.56631	-20.83227
4027990000.00000	-20.79815	-20.05915
4037985000.00000	-23.40216	-23.05024
4047980000.00000	-25.26596	-23.23134
4057975000.00000	-21.08780	-19.47908
4067970000.00000	-20.64513	-19.42639
4077965000.00000	-25.00892	-22.37079
4087960000.00000	-25.18525	-21.15920
4097955000.00000	-20.81535	-18.81654
4107950000.00000	-21.45516	-20.17192
4117945000.00000	-25.98559	-23.78384
4127940000.00000	-23.48701	-21.11350
4137935000.00000	-21.34067	-19.49474
4147930000.00000	-23.70187	-21.87445
4157925000.00000	-26.74249	-24.70585
4167920000.00000	-22.21149	-20.75241
4177915000.00000	-20.89328	-19.80491
4187910000.00000	-23.53637	-22.67659
4197905000.00000	-25.76462	-23.85831
4207900000.00000	-21.70753	-20.28500
4217895000.00000	-20.90600	-20.51922
4227890000.00000	-24.16148	-25.15026
4237885000.00000	-25.27386	-23.87516
4247880000.00000	-21.97763	-20.20495
4257875000.00000	-22.79370	-21.34195
4267870000.00000	-28.11983	-26.43332
4277865000.00000	-24.44113	-22.80828
4287860000.00000	-21.43505	-20.31530
4297855000.00000	-23.23214	-22.55504
4307850000.00000	-28.24056	-26.47726
4317845000.00000	-24.02186	-21.92821
4327840000.00000	-22.22115	-20.95801
4337835000.00000	-24.83082	-24.36957
4347830000.00000	-25.79180	-25.21257
4357825000.00000	-22.08372	-21.01816
4367820000.00000	-21.59648	-20.95673
4377815000.00000	-24.39249	-25.08460
4387810000.00000	-25.35246	-25.81716
4397805000.00000	-22.24555	-21.99774
4407800000.00000	-22.33866	-23.18245
4417795000.00000	-26.41293	-28.60043
4427790000.00000	-25.82695	-23.74141
4437785000.00000	-22.75002	-21.35861
4447780000.00000	-24.19304	-23.88241
4457775000.00000	-28.24477	-27.76233
4467770000.00000	-24.36862	-22.60386
4477765000.00000	-22.43383	-21.56123
4487760000.00000	-24.36529	-25.40254
4497755000.00000	-26.25737	-27.03475
4507750000.00000	-23.34912	-21.95393
4517745000.00000	-22.98909	-22.32044
4527740000.00000	-26.68689	-27.81030
4537735000.00000	-26.78351	-25.71645
4547730000.00000	-22.81838	-21.87066
4557725000.00000	-23.00250	-23.31102
4567720000.00000	-26.49631	-30.02801
4577715000.00000	-25.15830	-24.99660
4587710000.00000	-22.17253	-21.75749
4597705000.00000	-22.97019	-24.01234
4607700000.00000	-26.25767	-30.39641
4617695000.00000	-23.56474	-23.99972
4627690000.00000	-21.44357	-22.14855
4637685000.00000	-23.45508	-25.78316
4647680000.00000	-27.15768	-30.02580
4657675000.00000	-23.58378	-23.92315
4667670000.00000	-22.22310	-23.64256
4677665000.00000	-24.61128	-29.02547
4687660000.00000	-26.37556	-28.34868
4697655000.00000	-22.81110	-23.27628
4707650000.00000	-21.95505	-24.52230
4717645000.00000	-24.28759	-32.09567
4727640000.00000	-25.14771	-27.13564
4737635000.00000	-22.58238	-23.72550
4747630000.00000	-22.89048	-26.11188
4757625000.00000	-25.87264	-32.29960
4767620000.00000	-24.32355	-25.57686
4777615000.00000	-22.08748	-23.38760
4787610000.00000	-23.60178	-26.35171
4797605000.00000	-27.51633	-29.81224
4807600000.00000	-23.89147	-24.04535
4817595000.00000	-21.74982	-23.44205
4827590000.00000	-23.27777	-28.11995
4837585000.00000	-24.13378	-27.88495
4847580000.00000	-21.67775	-23.05876
4857575000.00000	-21.62630	-23.52700
4867570000.00000	-24.85014	-28.30639
4877565000.00000	-25.48622	-27.65654
4887560000.00000	-22.35692	-23.87868
4897555000.00000	-22.43461	-25.30255
4907550000.00000	-25.17858	-30.28383
4917545000.00000	-24.58916	-26.71209
4927540000.00000	-22.20382	-24.56412
4937535000.00000	-23.19600	-28.14919
4947530000.00000	-25.42882	-31.27855
4957525000.00000	-22.45442	-24.82470
4967520000.00000	-20.83968	-23.94408
4977515000.00000	-22.83290	-28.39156
4987510000.00000	-25.23040	-29.76451
4997505000.00000	-22.09506	-23.71833
5007500000.00000	-21.13287	-23.69066
5017495000.00000	-23.46129	-28.21394
5027490000.00000	-24.30650	-26.47925
5037485000.00000	-21.94757	-22.70529
5047480000.00000	-22.44678	-23.90370
5057475000.00000	-24.68110	-28.80754
5067470000.00000	-22.47293	-26.22436
5077465000.00000	-20.39496	-23.28547
5087460000.00000	-21.40619	-25.18687
5097455000.00000	-23.95539	-28.73561
5107450000.00000	-22.86343	-24.26583
5117445000.00000	-21.50438	-22.52659
5127440000.00000	-23.79572	-25.18239
5137435000.00000	-27.37538	-27.15424
5147430000.00000	-22.91380	-23.34108
5157425000.00000	-21.34916	-23.13813
5167420000.00000	-23.41246	-26.71455
5177415000.00000	-23.92891	-26.10232
5187410000.00000	-21.54437	-22.57363
5197405000.00000	-21.89782	-23.32551
5207400000.00000	-24.67931	-26.76908
5217395000.00000	-23.09825	-24.27095
5227390000.00000	-21.07198	-21.51681
5237385000.00000	-22.51877	-22.73635
5247380000.00000	-25.30590	-25.49810
5257375000.00000	-22.43840	-23.51750
5267370000.00000	-20.93644	-22.10622
5277365000.00000	-22.96572	-24.61087
5287360000.00000	-25.41800	-26.26577
5297355000.00000	-22.32105	-22.25304
5307350000.00000	-21.34240	-21.38175
5317345000.00000	-23.55619	-23.78155
5327340000.00000	-23.62446	-24.03851
5337335000.00000	-21.04142	-21.40379
5347330000.00000	-21.42700	-22.02976
5357325000.00000	-24.74212	-25.77341
5367320000.00000	-23.52220	-25.40045
5377315000.00000	-21.30565	-22.45665
5387310000.00000	-22.74573	-23.62886
5397305000.00000	-24.84697	-26.22899
5407300000.00000	-21.94590	-23.05804
5417295000.00000	-20.62934	-21.07355
5427290000.00000	-22.54128	-22.70294
5437285000.00000	-23.70480	-23.92103
5447280000.00000	-21.03769	-21.18627
5457275000.00000	-20.78532	-20.56628
5467270000.00000	-23.91518	-22.92466
5477265000.00000	-24.40022	-23.80739
5487260000.00000	-21.37269	-21.50223
5497255000.00000	-21.50222	-22.05818
5507250000.00000	-23.67745	-24.92332
5517245000.00000	-22.30971	-23.35137
5527240000.00000	-20.92030	-21.33753
5537235000.00000	-22.36698	-22.92692
5547230000.00000	-22.98752	-24.29666
5557225000.00000	-20.52010	-21.37095
5567220000.00000	-20.09547	-20.30147
5577215000.00000	-22.21438	-22.21571
5587210000.00000	-22.41766	-22.76062
5597205000.00000	-20.21666	-20.00717
5607200000.00000	-20.43897	-19.26543
5617195000.00000	-24.02193	-21.14519
5627190000.00000	-24.74398	-22.53382
5637185000.00000	-21.60424	-21.34946
5647180000.00000	-21.74427	-21.88338
5657175000.00000	-23.24795	-23.78557
5667170000.00000	-21.24219	-22.29084
5677165000.00000	-19.92684	-20.88447
5687160000.00000	-21.42252	-22.25658
5697155000.00000	-22.78933	-23.27235
5707150000.00000	-20.59808	-21.30757
5717145000.00000	-20.07787	-20.92976
5727140000.00000	-21.98124	-23.00045
5737135000.00000	-21.86364	-22.80980
5747130000.00000	-20.01407	-20.85766
5757125000.00000	-20.43820	-21.10263
5767120000.00000	-22.62649	-22.72586
5777115000.00000	-21.58099	-21.38051
5787110000.00000	-19.77990	-19.97243
5797105000.00000	-20.48008	-21.08882
5807100000.00000	-22.41144	-23.01034
5817095000.00000	-21.04720	-21.79087
5827090000.00000	-19.79165	-21.10321
5837085000.00000	-20.98157	-22.85299
5847080000.00000	-21.95251	-23.36906
5857075000.00000	-20.08368	-21.72312
5867070000.00000	-19.59486	-22.18978
5877065000.00000	-21.23847	-24.93720
5887060000.00000	-21.08120	-23.35820
5897055000.00000	-19.39256	-21.28011
5907050000.00000	-19.85182	-22.24847
5917045000.00000	-21.98445	-24.05085
5927040000.00000	-21.17415	-21.85234
5937035000.00000	-19.67855	-20.66661
5947030000.00000	-20.58240	-22.14706
5957025000.00000	-22.25286	-23.41434
5967020000.00000	-20.72558	-21.63757
5977015000.00000	-19.67457	-21.34372
5987010000.00000	-20.78235	-23.18078
5997005000.00000	-21.04625	-22.88819
6007000000.00000	-19.01906	-21.30977
6016995000.00000	-18.58053	-22.29216
6026990000.00000	-20.36551	-24.75016
6036985000.00000	-21.14597	-22.96337
6046980000.00000	-19.53477	-21.41597
6056975000.00000	-19.59048	-22.80143
6066970000.00000	-21.39311	-24.72408
6076965000.00000	-20.81069	-22.71186
6086960000.00000	-19.27951	-22.17237
6096955000.00000	-19.88494	-24.22613
6106950000.00000	-21.14086	-24.28200
6116945000.00000	-19.83917	-22.31340
6126940000.00000	-18.97514	-22.96333
6136935000.00000	-20.38289	-24.91862
6146930000.00000	-22.00043	-23.19857
6156925000.00000	-20.59973	-21.66397
6166920000.00000	-20.17227	-22.86595
6176915000.00000	-21.88143	-24.30939
6186910000.00000	-21.51249	-22.38500
6196905000.00000	-19.36334	-21.35077
6206900000.00000	-19.55440	-22.61423
6216895000.00000	-21.76824	-23.65066
6226890000.00000	-21.43104	-22.17301
6236885000.00000	-19.81982	-22.06853
6246880000.00000	-20.62263	-24.27099
6256875000.00000	-22.57839	-24.13154
6266870000.00000	-21.40731	-21.61540
6276865000.00000	-20.43465	-21.75572
6286860000.00000	-22.08268	-24.25465
6296855000.00000	-23.28685	-24.03253
6306850000.00000	-20.68591	-22.30940
6316845000.00000	-19.90509	-23.32347
6326840000.00000	-21.75712	-25.70769
6336835000.00000	-22.12362	-23.55761
6346830000.00000	-19.90871	-22.05285
6356825000.00000	-19.97352	-23.58304
6366820000.00000	-22.31721	-25.00235
6376815000.00000	-21.89228	-22.35230
6386810000.00000	-19.93497	-21.53665
6396805000.00000	-20.48273	-23.68089
6406800000.00000	-22.36574	-24.89547
6416795000.00000	-21.30122	-22.90015
6426790000.00000	-20.36083	-23.08725
6436785000.00000	-22.15356	-25.41037
6446780000.00000	-24.01811	-23.97374
6456775000.00000	-21.57248	-21.83587
6466770000.00000	-20.57705	-22.65836
6476765000.00000	-22.29947	-24.99941
6486760000.00000	-22.69715	-23.13554
6496755000.00000	-20.11753	-21.49349
6506750000.00000	-19.69314	-23.05000
6516745000.00000	-21.83263	-25.97240
6526740000.00000	-22.16025	-23.65059
6536735000.00000	-20.01464	-22.10273
6546730000.00000	-20.25798	-23.60529
6556725000.00000	-22.37044	-24.36071
6566720000.00000	-21.46173	-21.98982
6576715000.00000	-20.03521	-21.73722
6586710000.00000	-21.31678	-23.86058
6596705000.00000	-23.24719	-23.21584
6606700000.00000	-20.68142	-21.06204
6616695000.00000	-19.27078	-21.60618
6626690000.00000	-20.73851	-24.61493
6636685000.00000	-22.42366	-23.53602
6646680000.00000	-20.66407	-20.92653
6656675000.00000	-20.02556	-21.33383
6666670000.00000	-21.91012	-23.41112
6676665000.00000	-22.36672	-21.72973
6686660000.00000	-19.82025	-20.04338
6696655000.00000	-19.39700	-21.34639
6706650000.00000	-21.13638	-23.27910
6716645000.00000	-20.38228	-20.79170
6726640000.00000	-18.42240	-19.53510
6736635000.00000	-19.11719	-20.91292
6746630000.00000	-21.55589	-21.53741
6756625000.00000	-20.44533	-19.63396
6766620000.00000	-18.99370	-19.52011
6776615000.00000	-20.27382	-21.53047
6786610000.00000	-22.03371	-21.00766
6796605000.00000	-19.63989	-18.88758
6806600000.00000	-18.38748	-19.16509
6816595000.00000	-19.82028	-21.19552
6826590000.00000	-20.83007	-20.22389
6836585000.00000	-18.61471	-18.43607
6846580000.00000	-18.09385	-19.19382
6856575000.00000	-20.06776	-21.14046
6866570000.00000	-20.20115	-19.36109
6876565000.00000	-17.86362	-18.08920
6886560000.00000	-17.78824	-19.56710
6896555000.00000	-19.72976	-20.53411
6906550000.00000	-19.13109	-18.45271
6916545000.00000	-17.47193	-18.28958
6926540000.00000	-18.23930	-20.64866
6936535000.00000	-20.07073	-20.38107
6946530000.00000	-18.44898	-17.92408
6956525000.00000	-17.12838	-17.86010
6966520000.00000	-18.25911	-19.29742
6976515000.00000	-19.61647	-18.26557
6986510000.00000	-17.69601	-16.83239
6996505000.00000	-16.82908	-17.93888
7006500000.00000	-18.58522	-20.57462
7016495000.00000	-19.51076	-19.06611
7026490000.00000	-17.12991	-17.66971
7036485000.00000	-16.79990	-19.32180
7046480000.00000	-18.84321	-20.65890
7056475000.00000	-18.77896	-17.91906
7066470000.00000	-16.81624	-17.28309
7076465000.00000	-17.06967	-19.45006
7086460000.00000	-18.83278	-19.49235
7096455000.00000	-17.95333	-17.14936
7106450000.00000	-16.54051	-17.42372
7116445000.00000	-17.44509	-19.97052
7126440000.00000	-19.33659	-19.19052
7136435000.00000	-17.78824	-17.11485
7146430000.00000	-16.46764	-17.72064
7156425000.00000	-17.66078	-19.53997
7166420000.00000	-18.84642	-17.65989
7176415000.00000	-16.82948	-16.33428
7186410000.00000	-16.20138	-18.09677
7196405000.00000	-18.12161	-20.33447
7206400000.00000	-18.69985	-17.78141
7216395000.00000	-16.69571	-17.00503
7226390000.00000	-16.90397	-19.10008
7236385000.00000	-19.02661	-19.44222
7246380000.00000	-18.20817	-17.12469
7256375000.00000	-16.54462	-17.29775
7266370000.00000	-17.30494	-19.86850
7276365000.00000	-19.07540	-19.13567
7286360000.00000	-17.72522	-17.07136
7296355000.00000	-16.52162	-17.75706
7306350000.00000	-17.68450	-20.13903
7316345000.00000	-18.75677	-18.81931
7326340000.00000	-16.72997	-17.34303
7336335000.00000	-16.05589	-18.78366
7346330000.00000	-17.78311	-20.65608
7356325000.00000	-18.12817	-18.11501
7366320000.00000	-16.09344	-17.25324
7376315000.00000	-16.10744	-19.55267
7386310000.00000	-17.89779	-20.43784
7396305000.00000	-17.17064	-17.98404
7406300000.00000	-15.55972	-18.18159
7416295000.00000	-16.39865	-20.92443
7426290000.00000	-18.90143	-20.18537
7436285000.00000	-17.78513	-18.08110
7446280000.00000	-16.16703	-18.86313
7456275000.00000	-17.09076	-21.41155
7466270000.00000	-18.73826	-19.57869
7476265000.00000	-17.25446	-17.78806
7486260000.00000	-16.31991	-19.12033
7496255000.00000	-17.82205	-21.59482
7506250000.00000	-19.08613	-19.47834
7516245000.00000	-17.14882	-18.50342
7526240000.00000	-16.82925	-20.94102
7536235000.00000	-19.09381	-22.18589
7546230000.00000	-19.30738	-19.00741
7556225000.00000	-17.03603	-18.68850
7566220000.00000	-17.19655	-21.50471
7576215000.00000	-19.30583	-21.08300
7586210000.00000	-18.64975	-18.56151
7596205000.00000	-17.07693	-19.09534
7606200000.00000	-18.02246	-22.07173
7616195000.00000	-20.43933	-21.70362
7626190000.00000	-19.07463	-19.84206
7636185000.00000	-17.64556	-20.91414
7646180000.00000	-19.06086	-23.19442
7656175000.00000	-20.84063	-20.55720
7666170000.00000	-18.57578	-18.98665
7676165000.00000	-17.63676	-20.91542
7686160000.00000	-19.44988	-23.38644
7696155000.00000	-20.55921	-20.08680
7706150000.00000	-18.45972	-18.97619
7716145000.00000	-18.43657	-21.22531
7726140000.00000	-20.78038	-22.26405
7736135000.00000	-20.08228	-19.44413
7746130000.00000	-18.10468	-19.29480
7756125000.00000	-18.93200	-22.23828
7766120000.00000	-21.61446	-22.34815
7776115000.00000	-20.19048	-19.50206
7786110000.00000	-18.34307	-19.75882
7796105000.00000	-19.40164	-22.84320
7806100000.00000	-21.30981	-22.12070
7816095000.00000	-19.03920	-19.37478
7826090000.00000	-17.65409	-19.74639
7836085000.00000	-19.18449	-22.54863
7846080000.00000	-20.84809	-21.26506
7856075000.00000	-18.50622	-19.05987
7866070000.00000	-17.69514	-20.26984
7876065000.00000	-19.74017	-23.32827
7886060000.00000	-20.63460	-20.69560
7896055000.00000	-18.23938	-19.06344
7906050000.00000	-18.09176	-20.91998
7916045000.00000	-20.49763	-23.11142
7926040000.00000	-20.51468	-19.92078
7936035000.00000	-18.42257	-18.68997
7946030000.00000	-18.84947	-20.27637
7956025000.00000	-21.31549	-21.02865
7966020000.00000	-20.40307	-18.71218
7976015000.00000	-18.34372	-18.32122
7986010000.00000	-18.87632	-20.23415
7996005000.00000	-20.62143	-20.40252
8006000000.00000	-18.84139	-18.38521
8015995000.00000	-17.37883	-18.72137
8025990000.00000	-18.66673	-21.34275
8035985000.00000	-20.19160	-20.05732
8045980000.00000	-17.97972	-17.75882
8055975000.00000	-17.14941	-18.47627
8065970000.00000	-19.07917	-20.39164
8075965000.00000	-20.03396	-18.38645
8085960000.00000	-17.54708	-17.01551
8095955000.00000	-17.04116	-18.42628
8105950000.00000	-18.91838	-20.18650
8115945000.00000	-19.37142	-18.08904
8125940000.00000	-17.56935	-17.06379
8135935000.00000	-17.76140	-18.25369
8145930000.00000	-19.88402	-18.33888
8155925000.00000	-19.13491	-16.48856
8165920000.00000	-17.20509	-16.34467
8175915000.00000	-17.88623	-18.19251
8185910000.00000	-20.04908	-18.01612
8195905000.00000	-18.32304	-16.16452
8205900000.00000	-16.64774	-16.48475
8215895000.00000	-17.75681	-18.23695
8225890000.00000	-19.30323	-17.03418
8235885000.00000	-17.33908	-15.54524
8245880000.00000	-16.48656	-16.48147
8255875000.00000	-18.01098	-18.01179
8265870000.00000	-18.43194	-16.46761
8275865000.00000	-16.46418	-15.73762
8285860000.00000	-16.21266	-17.35451
8295855000.00000	-18.02436	-18.27690
8305850000.00000	-18.26590	-16.30361
8315845000.00000	-16.57314	-15.87310
8325840000.00000	-16.90871	-17.54733
8335835000.00000	-19.15567	-17.60778
8345830000.00000	-18.38412	-15.78568
8355825000.00000	-16.49576	-16.08778
8365820000.00000	-17.23449	-18.12574
8375815000.00000	-18.95702	-17.00478
8385810000.00000	-17.28245	-15.26255
8395805000.00000	-16.21682	-16.02077
8405800000.00000	-17.69080	-17.59901
8415795000.00000	-18.74776	-16.02696
8425790000.00000	-16.82714	-14.98410
8435785000.00000	-16.43943	-16.18238
8445780000.00000	-18.33027	-16.95528
8455775000.00000	-18.47433	-15.32365
8465770000.00000	-16.47134	-15.03485
8475765000.00000	-16.48155	-16.56819
8485760000.00000	-18.39930	-16.73471
8495755000.00000	-18.00439	-15.25033
8505750000.00000	-16.27802	-15.47106
8515745000.00000	-16.83644	-17.33410
8525740000.00000	-18.85771	-16.95865
8535735000.00000	-17.85987	-15.39027
8545730000.00000	-16.70205	-16.03495
8555725000.00000	-18.22501	-17.70300
8565720000.00000	-19.63533	-16.57272
8575715000.00000	-17.45024	-15.76848
8585710000.00000	-16.91093	-17.19564
8595705000.00000	-18.92437	-17.82374
8605700000.00000	-19.41447	-15.91321
8615695000.00000	-17.35717	-15.61219
8625690000.00000	-17.46322	-17.25729
8635685000.00000	-19.76361	-17.38849
8645680000.00000	-19.32344	-15.84317
8655675000.00000	-17.34137	-16.14418
8665670000.00000	-17.85495	-18.14638
8675665000.00000	-20.12965	-17.79730
8685660000.00000	-19.09867	-16.44496
8695655000.00000	-17.68922	-17.24049
8705650000.00000	-18.92532	-19.06756
8715645000.00000	-20.49389	-17.87267
8725640000.00000	-18.44141	-16.74630
8735635000.00000	-17.62452	-17.92761
8745630000.00000	-19.45596	-18.88311
8755625000.00000	-20.06255	-17.16004
8765620000.00000	-17.92026	-16.81778
8775615000.00000	-17.85595	-18.64571
8785610000.00000	-20.08400	-19.00289
8795605000.00000	-20.40784	-17.46140
8805600000.00000	-18.89156	-17.81440
8815595000.00000	-19.62830	-19.69928
8825590000.00000	-22.03417	-19.06717
8835585000.00000	-20.87611	-17.56380
8845580000.00000	-19.29309	-18.26812
8855575000.00000	-20.34818	-20.15931
8865570000.00000	-22.10725	-19.33673
8875565000.00000	-20.30382	-18.30093
8885560000.00000	-19.28257	-19.53339
8895555000.00000	-21.00044	-21.20885
8905550000.00000	-22.23281	-19.88596
8915545000.00000	-19.93947	-19.23889
8925540000.00000	-19.54356	-20.79751
8935535000.00000	-21.83449	-21.25854
8945530000.00000	-22.29457	-19.24570
8955525000.00000	-20.04612	-18.99539
8965520000.00000	-20.13460	-20.76924
8975515000.00000	-22.46677	-21.14607
8985510000.00000	-22.50669	-19.68018
8995505000.00000	-20.88955	-19.88127
9005500000.00000	-21.66025	-21.60381
9015495000.00000	-24.17619	-21.46702
9025490000.00000	-23.10909	-20.40255
9035485000.00000	-21.20303	-21.36739
9045480000.00000	-21.89582	-23.43546
9055475000.00000	-24.01323	-22.16994
9065470000.00000	-22.49206	-20.77360
9075465000.00000	-21.07492	-21.78867
9085460000.00000	-22.48970	-23.34789
9095455000.00000	-24.49216	-21.91524
9105450000.00000	-22.50415	-20.74515
9115445000.00000	-21.47857	-22.03827
9125440000.00000	-23.19028	-23.73210
9135435000.00000	-24.73165	-21.66948
9145430000.00000	-22.63088	-20.26316
9155425000.00000	-21.86673	-21.15929
9165420000.00000	-23.50361	-22.31163
9175415000.00000	-23.93081	-21.38839
9185410000.00000	-21.85607	-21.06879
9195405000.00000	-21.64982	-22.35896
9205400000.00000	-23.42032	-22.51745
9215395000.00000	-22.98722	-21.01787
9225390000.00000	-20.93176	-20.85539
9235385000.00000	-20.85684	-22.13484
9245380000.00000	-22.34903	-21.99009
9255375000.00000	-21.82114	-20.51552
9265370000.00000	-20.28275	-20.46532
9275365000.00000	-20.60680	-21.59304
9285360000.00000	-22.25558	-21.02936
9295355000.00000	-22.21921	-19.68585
9305350000.00000	-21.33482	-19.94698
9315345000.00000	-22.04216	-20.80488
9325340000.00000	-22.72830	-19.73733
9335335000.00000	-20.70893	-18.73504
9345330000.00000	-19.42619	-19.37918
9355325000.00000	-20.04137	-20.27902
9365320000.00000	-20.44014	-19.42208
9375315000.00000	-19.19467	-18.90414
9385310000.00000	-18.99639	-19.85288
9395305000.00000	-20.52272	-20.21375
9405300000.00000	-21.00811	-18.98728
9415295000.00000	-19.72012	-18.68681
9425290000.00000	-19.82888	-19.67022
9435285000.00000	-21.47608	-19.56456
9445280000.00000	-21.08495	-18.18629
9455275000.00000	-19.33100	-17.90669
9465270000.00000	-19.39040	-18.61650
9475265000.00000	-20.73600	-18.48728
9485260000.00000	-20.14815	-17.83675
9495255000.00000	-18.95926	-18.35197
9505250000.00000	-19.49593	-19.31532
9515245000.00000	-20.47041	-18.65686
9525240000.00000	-19.46209	-17.93613
9535235000.00000	-18.82112	-18.42162
9545230000.00000	-19.79513	-18.76421
9555225000.00000	-20.02786	-17.98100
9565220000.00000	-18.53280	-17.81514
9575215000.00000	-18.33000	-18.58492
9585210000.00000	-19.61727	-18.43288
9595205000.00000	-19.46403	-17.52923
9605200000.00000	-18.23864	-17.71633
9615195000.00000	-18.63276	-18.54201
9625190000.00000	-19.94648	-18.19217
9635185000.00000	-19.37918	-17.59253
9645180000.00000	-18.52152	-18.17441
9655175000.00000	-19.38170	-18.79700
9665170000.00000	-20.26024	-17.83444
9675165000.00000	-18.99699	-17.12501
9685160000.00000	-18.47788	-17.61662
9695155000.00000	-19.79960	-17.88876
9705150000.00000	-20.42649	-17.14030
9715145000.00000	-18.98290	-17.09442
9725140000.00000	-18.78386	-18.00225
9735135000.00000	-20.23334	-18.07031
9745130000.00000	-20.13799	-17.40263
9755125000.00000	-18.80253	-17.65133
9765120000.00000	-19.39713	-18.38713
9775115000.00000	-21.08592	-17.94018
9785110000.00000	-20.37720	-17.40087
9795105000.00000	-19.58198	-17.92868
9805100000.00000	-20.93777	-18.44930
9815095000.00000	-21.96594	-17.84110
9825090000.00000	-20.39844	-17.64113
9835085000.00000	-20.24331	-18.42199
9845080000.00000	-22.02445	-18.81296
9855075000.00000	-22.08556	-18.48672
9865070000.00000	-20.54532	-18.65200
9875065000.00000	-21.20401	-19.15684
9885060000.00000	-23.42446	-18.59185
9895055000.00000	-22.39053	-17.87682
9905050000.00000	-20.91121	-18.24943
9915045000.00000	-22.10268	-18.85452
9925040000.00000	-23.80454	-18.53007
9935035000.00000	-22.12507	-18.58194
9945030000.00000	-21.54450	-19.46235
9955025000.00000	-23.37023	-19.53027
9965020000.00000	-23.86731	-18.81692
9975015000.00000	-22.29416	-19.00342
9985010000.00000	-22.77498	-19.96290
9995005000.00000	-24.57998	-19.96989
10005000000.00000	-23.49093	-19.70854
10014995000.00000	-22.38184	-20.35631
10024990000.00000	-24.03150	-20.75720
10034985000.00000	-25.85074	-20.11754
10044980000.00000	-23.60410	-20.03129
10054975000.00000	-22.98544	-20.95318
10064970000.00000	-25.11685	-21.48447
10074965000.00000	-25.82032	-20.95005
10084960000.00000	-24.01336	-21.06492
10094955000.00000	-24.57132	-21.98999
10104950000.00000	-26.92964	-22.04008
10114945000.00000	-25.76908	-21.57926
10124940000.00000	-24.24121	-22.27311
10134935000.00000	-25.95136	-23.03140
10144930000.00000	-30.42529	-22.64041
10154925000.00000	-29.56392	-22.79712
10164920000.00000	-29.16074	-24.32654
10174915000.00000	-33.87773	-25.13969
10184910000.00000	-33.94878	-24.38131
10194905000.00000	-29.82913	-24.33876
10204900000.00000	-30.83911	-24.49413
10214895000.00000	-35.06019	-23.75356
10224890000.00000	-31.55195	-23.65602
10234885000.00000	-29.45206	-25.07475
10244880000.00000	-32.23731	-25.77298
10254875000.00000	-34.38325	-24.50725
10264870000.00000	-30.34572	-23.90226
10274865000.00000	-31.33865	-24.46196
10284860000.00000	-39.38889	-24.74868
10294855000.00000	-33.99821	-24.19433
10304850000.00000	-30.80197	-24.34310
10314845000.00000	-33.33399	-25.29815
10324840000.00000	-42.55265	-25.48644
10334835000.00000	-36.68626	-25.89126
10344830000.00000	-33.81445	-28.08224
10354825000.00000	-36.33273	-30.09054
10364820000.00000	-37.36938	-28.77981
10374815000.00000	-35.20576	-28.30472
10384810000.00000	-37.48349	-30.33843
10394805000.00000	-37.30424	-33.09220
10404800000.00000	-33.93338	-32.96515
10414795000.00000	-35.95180	-33.25856
10424790000.00000	-41.71364	-36.16957
10434785000.00000	-35.41226	-36.92542
10444780000.00000	-33.03624	-34.57833
10454775000.00000	-34.13978	-33.99483
10464770000.00000	-35.89179	-33.06378
10474765000.00000	-32.34742	-30.10533
10484760000.00000	-30.98893	-28.61094
10494755000.00000	-33.60716	-29.44349
10504750000.00000	-32.98487	-31.85396
10514745000.00000	-29.68761	-32.49621
10524740000.00000	-30.02996	-32.84342
10534735000.00000	-32.07485	-36.64220
10544730000.00000	-30.89141	-38.66657
10554725000.00000	-29.30893	-33.15839
10564720000.00000	-29.62699	-30.72129
10574715000.00000	-30.92961	-30.36645
10584710000.00000	-29.98601	-29.61343
10594705000.00000	-28.56254	-27.33085
10604700000.00000	-29.04687	-26.26275
10614695000.00000	-29.72718	-26.74482
10624690000.00000	-28.56399	-27.38887
10634685000.00000	-28.67884	-26.73462
10644680000.00000	-30.93055	-26.24938
10654675000.00000	-32.84096	-26.62618
10664670000.00000	-32.92503	-25.91672
10674665000.00000	-34.03758	-24.57190
10684660000.00000	-38.96450	-24.58680
10694655000.00000	-36.35335	-25.61982
10704650000.00000	-32.44997	-25.94705
10714645000.00000	-33.92759	-25.46186
10724640000.00000	-35.20001	-25.74962
10734635000.00000	-32.38385	-26.05769
10744630000.00000	-34.41269	-24.61144
10754625000.00000	-43.57886	-23.11071
10764620000.00000	-36.32515	-23.41592
10774615000.00000	-34.80340	-24.55572
10784610000.00000	-39.11049	-24.31917
10794605000.00000	-54.43052	-23.30484
10804600000.00000	-37.34878	-22.99141
10814595000.00000	-35.17048	-22.59918
10824590000.00000	-37.58649	-21.61447
10834585000.00000	-30.58384	-21.31515
10844580000.00000	-27.06554	-21.80134
10854575000.00000	-27.74233	-21.38713
10864570000.00000	-29.60055	-20.20893
10874565000.00000	-27.17089	-20.14746
10884560000.00000	-26.25717	-20.83025
10894555000.00000	-28.77459	-20.39285
10904550000.00000	-29.64441	-19.53893
10914545000.00000	-25.67078	-19.75200
10924540000.00000	-24.98741	-20.17445
10934535000.00000	-26.92003	-19.43085
10944530000.00000	-24.70410	-18.60725
10954525000.00000	-22.48650	-18.77969
10964520000.00000	-23.43613	-18.58070
10974515000.00000	-24.63232	-17.51141
10984510000.00000	-22.29778	-17.11669
10994505000.00000	-21.17415	-17.87793
11004500000.00000	-22.43334	-18.25248
11014495000.00000	-22.91200	-17.36439
11024490000.00000	-21.09910	-17.16387
11034485000.00000	-20.89617	-17.84425
11044480000.00000	-22.49091	-17.69743
11054475000.00000	-21.43060	-17.02948
11064470000.00000	-19.27204	-17.24562
11074465000.00000	-19.51130	-17.50662
11084460000.00000	-20.52041	-16.48705
11094455000.00000	-18.94570	-15.84432
11104450000.00000	-17.84607	-16.40819
11114445000.00000	-18.83292	-16.80593
11124440000.00000	-19.57785	-16.01388
11134435000.00000	-18.00061	-15.67115
11144430000.00000	-17.36563	-16.32222
11154425000.00000	-18.23769	-16.27010
11164420000.00000	-17.66705	-15.34485
11174415000.00000	-16.28416	-15.23382
11184410000.00000	-16.72695	-15.78467
11194405000.00000	-18.32130	-15.41310
11204400000.00000	-17.52678	-14.81206
11214395000.00000	-16.19008	-15.41146
11224390000.00000	-16.63381	-16.42739
11234385000.00000	-17.17475	-15.90083
11244380000.00000	-15.87084	-15.27219
11254375000.00000	-15.13826	-15.67545
11264370000.00000	-16.10472	-15.67530
11274365000.00000	-16.62709	-14.76767
11284360000.00000	-15.37534	-14.64968
11294355000.00000	-15.24446	-15.27320
11304350000.00000	-16.53822	-14.83452
11314345000.00000	-16.40348	-13.93361
11324340000.00000	-15.32068	-14.13907
11334335000.00000	-15.88770	-15.08499
11344330000.00000	-17.17537	-14.96744
11354325000.00000	-16.38867	-14.58584
11364320000.00000	-15.40331	-15.08230
11374315000.00000	-16.22947	-15.37769
11384310000.00000	-17.04169	-14.47063
11394305000.00000	-15.76950	-14.04272
11404300000.00000	-15.21384	-14.69590
11414295000.00000	-16.42907	-14.95334
11424290000.00000	-16.82586	-14.25760
11434285000.00000	-15.47888	-14.36090
11444280000.00000	-15.35278	-15.20578
11454275000.00000	-16.30832	-15.04772
11464270000.00000	-15.86140	-14.42390
11474265000.00000	-14.90245	-14.90018
11484260000.00000	-15.40764	-15.65578
11494255000.00000	-16.22226	-15.04743
11504250000.00000	-15.23851	-14.63590
11514245000.00000	-14.67685	-15.43967
11524240000.00000	-15.55261	-16.08974
11534235000.00000	-16.14980	-15.26155
11544230000.00000	-15.34674	-14.92969
11554225000.00000	-15.28223	-15.70660
11564220000.00000	-16.46820	-15.87360
11574215000.00000	-16.62985	-15.12685
11584210000.00000	-15.45472	-15.21007
11594205000.00000	-15.45603	-16.04981
11604200000.00000	-16.46273	-16.00654
11614195000.00000	-16.05027	-15.42005
11624190000.00000	-15.22386	-15.92690
11634185000.00000	-15.94949	-16.75018
11644180000.00000	-17.29417	-16.21282
11654175000.00000	-16.68120	-15.93858
11664170000.00000	-16.03643	-17.12041
11674165000.00000	-16.98641	-18.03760
11684160000.00000	-17.64797	-17.27541
11694155000.00000	-16.63342	-17.08607
11704150000.00000	-16.41139	-18.08797
11714145000.00000	-17.65655	-18.18758
11724140000.00000	-18.06427	-17.25444
11734135000.00000	-17.10748	-17.44448
11744130000.00000	-17.36499	-18.76529
11754125000.00000	-18.90781	-19.01264
11764120000.00000	-18.92713	-18.30992
11774115000.00000	-17.68455	-18.78100
11784110000.00000	-17.79321	-19.74653
11794105000.00000	-18.81728	-18.88180
11804100000.00000	-18.30570	-17.88450
11814095000.00000	-17.43185	-18.37646
11824090000.00000	-18.22902	-19.34371
11834085000.00000	-19.70470	-18.85224
11844080000.00000	-18.87726	-18.46965
11854075000.00000	-18.16816	-19.53483
11864070000.00000	-19.22485	-20.39102
11874065000.00000	-20.24442	-19.73906
11884060000.00000	-19.31575	-19.90207
11894055000.00000	-18.79589	-21.19011
11904050000.00000	-19.97470	-21.47748
11914045000.00000	-20.69345	-20.27409
11924040000.00000	-18.97049	-19.82749
11934035000.00000	-18.27365	-20.57184
11944030000.00000	-19.32104	-20.58351
11954025000.00000	-19.88671	-19.59716
11964020000.00000	-18.75964	-19.53550
11974015000.00000	-18.35409	-20.31754
11984010000.00000	-19.26254	-19.89007
11994005000.00000	-19.21315	-18.74668
12004000000.00000	-17.59637	-18.49710
12013995000.00000	-17.29234	-18.80876
12023990000.00000	-18.37505	-18.42176
12033985000.00000	-18.32831	-17.81506
12043980000.00000	-17.26614	-18.38242
12053975000.00000	-17.45769	-19.24271
12063970000.00000	-18.58582	-18.73211
12073965000.00000	-17.90537	-18.31912
12083960000.00000	-16.39311	-18.99523
12093955000.00000	-16.33679	-19.45443
12103950000.00000	-17.06354	-18.15363
12113945000.00000	-16.45070	-17.00695
12123940000.00000	-15.62755	-16.98272
12133935000.00000	-16.41579	-16.94526
12143930000.00000	-17.55186	-16.08005
12153925000.00000	-16.57470	-15.79335
12163920000.00000	-15.53868	-16.50802
12173915000.00000	-15.77797	-16.45566
12183910000.00000	-15.73796	-15.39898
12193905000.00000	-14.49284	-15.05829
12203900000.00000	-13.98938	-15.55080
12213895000.00000	-14.63721	-15.29124
12223890000.00000	-14.58152	-14.45222
12233885000.00000	-13.57600	-14.50432
12243880000.00000	-13.65054	-15.20649
12253875000.00000	-14.49977	-14.93284
12263870000.00000	-14.09899	-14.36811
12273865000.00000	-13.12044	-14.67556
12283860000.00000	-13.31801	-15.06261
12293855000.00000	-13.86528	-14.30086
12303850000.00000	-13.01651	-13.49072
12313845000.00000	-12.28670	-13.49402
12323840000.00000	-12.84319	-13.51762
12333835000.00000	-13.36071	-12.79790
12343830000.00000	-12.52929	-12.53094
12353825000.00000	-12.23335	-12.92806
12363820000.00000	-13.07368	-12.94132
12373815000.00000	-13.25387	-12.45376
12383810000.00000	-12.13854	-12.67295
12393805000.00000	-11.74917	-13.20651
12403800000.00000	-12.22655	-12.81643
12413795000.00000	-11.80776	-12.20754
12423790000.00000	-10.99482	-12.35077
12433785000.00000	-11.27854	-12.63056
12443780000.00000	-12.17230	-12.09666
12453775000.00000	-11.80208	-11.78968
12463770000.00000	-11.26948	-12.36479
12473765000.00000	-11.81411	-12.68424
12483760000.00000	-12.31237	-12.10511
12493755000.00000	-11.51572	-11.91378
12503750000.00000	-11.13765	-12.33054
12513745000.00000	-11.86207	-12.09111
12523740000.00000	-12.09318	-11.20109
12533735000.00000	-11.27114	-11.01720
12543730000.00000	-11.38197	-11.41291
12553725000.00000	-12.28469	-11.23465
12563720000.00000	-12.01118	-10.83535
12573715000.00000	-11.16250	-11.19787
12583710000.00000	-11.35144	-11.68684
12593705000.00000	-12.06290	-11.37871
12603700000.00000	-11.54256	-11.19280
12613695000.00000	-10.84582	-11.65011
12623690000.00000	-11.25399	-11.82338
12633685000.00000	-11.79613	-11.19712
12643680000.00000	-11.21538	-11.08539
12653675000.00000	-11.16038	-11.67997
12663670000.00000	-12.12744	-11.79485
12673665000.00000	-12.37391	-11.40952
12683660000.00000	-11.57923	-11.71808
12693655000.00000	-11.55448	-12.35832
12703650000.00000	-12.27303	-11.97503
12713645000.00000	-11.95128	-11.32805
12723640000.00000	-11.26700	-11.38289
12733635000.00000	-11.67481	-11.50055
12743630000.00000	-12.58343	-10.99174
12753625000.00000	-12.21740	-10.84069
12763620000.00000	-11.80963	-11.53911
12773615000.00000	-12.52205	-11.99747
12783610000.00000	-13.01510	-11.68181
12793605000.00000	-12.20047	-11.84898
12803600000.00000	-11.86882	-12.48117
12813595000.00000	-12.56811	-12.34731
12823590000.00000	-12.73533	-11.73809
12833585000.00000	-11.95651	-11.85733
12843580000.00000	-12.04631	-12.48416
12853575000.00000	-12.98184	-12.25752
12863570000.00000	-12.96167	-11.81172
12873565000.00000	-12.29595	-12.26576
12883560000.00000	-12.67864	-12.94882
12893555000.00000	-13.50481	-12.82697
12903550000.00000	-13.14069	-12.71483
12913545000.00000	-12.51365	-13.20549
12923540000.00000	-13.10501	-13.31729
12933535000.00000	-14.21142	-12.75236
12943530000.00000	-14.00003	-12.72390
12953525000.00000	-13.72750	-13.44579
12963520000.00000	-14.53099	-13.60871
12973515000.00000	-14.97781	-13.33026
12983510000.00000	-14.13951	-13.98763
12993505000.00000	-13.84016	-15.14962
13003500000.00000	-14.53454	-15.23398
13013495000.00000	-14.77376	-14.67356
13023490000.00000	-14.17989	-14.89481
13033485000.00000	-14.34726	-15.33415
13043480000.00000	-15.43106	-14.79810
13053475000.00000	-15.43545	-14.34618
13063470000.00000	-14.83702	-14.93704
13073465000.00000	-15.30704	-15.56924
13083460000.00000	-16.30525	-15.25564
13093455000.00000	-15.81856	-15.28704
13103450000.00000	-14.96826	-16.22754
13113445000.00000	-15.32110	-16.61089
13123440000.00000	-16.08563	-15.83496
13133435000.00000	-15.55894	-15.63730
13143430000.00000	-14.93136	-16.36976
13153425000.00000	-15.52528	-16.40722
13163420000.00000	-16.23444	-15.70361
13173415000.00000	-15.52362	-15.85128
13183410000.00000	-14.97610	-16.65915
13193405000.00000	-15.62764	-16.61278
13203400000.00000	-15.97846	-16.00882
13213395000.00000	-14.97592	-16.29569
13223390000.00000	-14.64322	-17.17970
13233385000.00000	-15.52170	-16.77168
13243380000.00000	-16.05062	-15.69542
13253375000.00000	-15.22570	-15.76875
13263370000.00000	-15.05874	-16.40013
13273365000.00000	-15.87707	-16.14238
13283360000.00000	-15.68422	-15.57570
13293355000.00000	-14.57948	-15.84667
13303350000.00000	-14.48705	-16.17431
13313345000.00000	-15.26282	-15.52810
13323340000.00000	-14.71547	-14.98826
13333335000.00000	-13.61536	-15.35441
13343330000.00000	-13.68810	-15.54200
13353325000.00000	-14.29201	-14.85401
13363320000.00000	-13.75692	-14.63995
13373315000.00000	-12.99335	-15.22348
13383310000.00000	-13.19599	-15.37930
13393305000.00000	-13.38324	-14.53096
13403300000.00000	-12.53920	-14.06531
13413295000.00000	-12.11501	-14.15417
13423290000.00000	-12.77913	-13.69407
13433285000.00000	-13.10662	-12.87028
13443280000.00000	-12.23395	-12.74098
13453275000.00000	-11.88638	-13.00917
13463270000.00000	-12.43912	-12.67244
13473265000.00000	-12.33716	-12.16184
13483260000.00000	-11.45622	-12.36885
13493255000.00000	-11.36516	-12.80307
13503250000.00000	-12.09294	-12.52087
13513245000.00000	-11.90943	-12.17406
13523240000.00000	-11.21452	-12.51999
13533235000.00000	-11.41846	-12.79078
13543230000.00000	-11.99890	-12.28954
13553225000.00000	-11.49021	-12.03294
13563220000.00000	-10.91292	-12.33571
13573215000.00000	-11.25692	-12.24427
13583210000.00000	-11.54357	-11.51876
13593205000.00000	-10.83592	-11.34513
13603200000.00000	-10.58344	-11.57173
13613195000.00000	-11.33403	-11.17777
13623190000.00000	-11.59457	-10.49160
13633185000.00000	-10.94047	-10.42326
13643180000.00000	-10.92591	-10.66878
13653175000.00000	-11.51327	-10.40016
13663170000.00000	-11.13151	-10.17489
13673165000.00000	-10.35108	-10.62108
13683160000.00000	-10.43716	-11.05516
13693155000.00000	-10.89010	-10.66546
13703150000.00000	-10.34780	-10.38240
13713145000.00000	-9.83305	-10.74072
13723140000.00000	-10.28265	-10.77415
13733135000.00000	-10.81234	-10.23281
13743130000.00000	-10.36559	-10.15050
13753125000.00000	-10.18558	-10.52285
13763120000.00000	-10.74506	-10.36445
13773115000.00000	-10.83353	-9.90327
13783110000.00000	-10.14463	-10.02651
13793105000.00000	-10.11659	-10.42807
13803100000.00000	-10.86851	-10.12680
13813095000.00000	-10.84309	-9.73112
13823090000.00000	-10.31084	-9.91899
13833085000.00000	-10.60993	-10.06342
13843080000.00000	-11.23361	-9.62964
13853075000.00000	-10.88585	-9.49811
13863070000.00000	-10.46975	-9.92945
13873065000.00000	-10.90257	-9.97439
13883060000.00000	-11.22048	-9.58295
13893055000.00000	-10.55607	-9.69079
13903050000.00000	-10.25490	-10.25984
13913045000.00000	-10.81404	-10.21466
13923040000.00000	-11.00805	-9.83510
13933035000.00000	-10.51755	-10.05191
13943030000.00000	-10.69290	-10.45222
13953025000.00000	-11.48160	-10.12224
13963020000.00000	-11.29772	-9.79662
13973015000.00000	-10.69738	-10.08182
13983010000.00000	-10.86286	-10.27532
13993005000.00000	-11.37566	-9.89485
14003000000.00000	-11.09111	-9.82570
14012995000.00000	-10.82068	-10.31625
14022990000.00000	-11.46789	-10.42189
14032985000.00000	-12.10159	-10.02800
14042980000.00000	-11.70267	-10.11055
14052975000.00000	-11.62403	-10.60334
14062970000.00000	-12.38554	-10.59107
14072965000.00000	-12.72708	-10.42539
14082960000.00000	-12.18897	-10.85269
14092955000.00000	-12.18982	-11.43451
14102950000.00000	-12.85774	-11.34766
14112945000.00000	-12.68840	-11.31103
14122940000.00000	-12.00673	-11.93119
14132935000.00000	-12.23276	-12.38735
14142930000.00000	-13.01547	-12.12411
14152925000.00000	-12.94495	-12.11012
14162920000.00000	-12.67898	-12.57213
14172915000.00000	-13.34257	-12.43282
14182910000.00000	-13.95673	-11.88557
14192905000.00000	-13.42553	-12.00129
14202900000.00000	-13.12894	-12.51743
14212895000.00000	-13.68620	-12.41363
14222890000.00000	-14.01494	-12.18131
14232885000.00000	-13.48691	-12.74012
14242880000.00000	-13.49911	-13.61457
14252875000.00000	-14.44199	-13.66020
14262870000.00000	-14.89919	-13.69592
14272865000.00000	-14.47385	-14.33410
14282860000.00000	-14.67051	-14.72814
14292855000.00000	-15.58675	-14.23180
14302850000.00000	-15.59398	-14.14964
14312845000.00000	-14.95100	-14.87858
14322840000.00000	-15.16859	-15.33434
14332835000.00000	-15.81391	-15.08401
14342830000.00000	-15.48914	-15.36261
14352825000.00000	-15.08579	-16.23713
14362820000.00000	-15.83309	-16.39716
14372815000.00000	-16.92282	-15.97959
14382810000.00000	-16.87556	-16.31539
14392805000.00000	-16.79109	-17.38089
14402800000.00000	-17.82253	-17.54723
14412795000.00000	-18.54286	-17.34575
14422790000.00000	-17.46165	-18.29410
14432785000.00000	-16.55138	-19.64308
14442780000.00000	-16.73822	-19.39982
14452775000.00000	-16.79809	-19.04464
14462770000.00000	-16.03542	-19.70511
14472765000.00000	-15.99146	-20.48303
14482760000.00000	-17.12399	-19.69752
14492755000.00000	-17.88325	-18.90180
14502750000.00000	-17.31144	-19.47727
14512745000.00000	-17.33416	-20.50740
14522740000.00000	-18.03001	-20.00749
14532735000.00000	-17.74920	-19.49469
14542730000.00000	-16.67389	-20.11031
14552725000.00000	-16.57854	-20.53848
14562720000.00000	-17.43788	-19.40014
14572715000.00000	-17.67658	-18.72055
14582710000.00000	-17.42871	-19.45723
14592705000.00000	-18.05274	-19.93049
14602700000.00000	-18.88062	-19.11827
14612695000.00000	-17.71795	-18.91747
14622690000.00000	-16.18261	-19.86335
14632685000.00000	-15.86452	-20.04808
14642680000.00000	-15.87999	-18.67469
14652675000.00000	-14.96970	-17.90438
14662670000.00000	-14.43508	-17.94734
14672665000.00000	-15.06586	-17.38151
14682660000.00000	-15.76964	-16.30444
14692655000.00000	-15.62131	-16.32893
14702650000.00000	-15.81296	-17.03067
14712645000.00000	-16.79261	-16.63929
14722640000.00000	-16.79904	-15.81834
14732635000.00000	-15.70136	-15.84723
14742630000.00000	-15.34197	-16.01421
14752625000.00000	-15.91283	-15.34060
14762620000.00000	-15.75237	-14.74599
14772615000.00000	-15.02782	-14.97253
14782610000.00000	-15.32608	-15.14394
14792605000.00000	-16.02760	-14.54373
14802600000.00000	-15.56852	-14.35637
14812595000.00000	-14.86517	-14.91501
14822590000.00000	-14.91376	-14.84519
14832585000.00000	-14.71331	-14.10137
14842580000.00000	-13.57928	-13.93381
14852575000.00000	-12.94155	-14.26523
14862570000.00000	-13.39050	-13.88897
14872565000.00000	-13.69634	-13.25168
14882560000.00000	-13.37083	-13.41739
14892555000.00000	-13.85292	-13.93643
14902550000.00000	-14.89960	-13.61371
14912545000.00000	-15.02439	-13.35657
14922540000.00000	-14.58936	-13.78508
14932535000.00000	-14.75391	-13.88548
14942530000.00000	-15.04319	-13.13249
14952525000.00000	-14.17618	-12.67858
14962520000.00000	-13.30281	-12.71708
14972515000.00000	-13.59179	-12.38950
14982510000.00000	-14.07852	-11.79202
14992505000.00000	-13.75717	-11.95315
15002500000.00000	-13.81091	-12.45789
15012495000.00000	-14.56013	-12.38523
15022490000.00000	-14.58858	-12.20696
15032485000.00000	-13.70015	-12.65672
15042480000.00000	-13.24893	-13.08406
15052475000.00000	-13.38163	-12.58998
15062470000.00000	-12.91567	-12.08980
15072465000.00000	-12.31382	-12.25030
15082460000.00000	-12.70360	-12.27423
15092455000.00000	-13.51003	-11.90385
15102450000.00000	-13.65860	-12.10885
15112445000.00000	-13.82211	-12.80382
15122440000.00000	-14.63587	-12.82661
15132435000.00000	-14.91566	-12.37422
15142430000.00000	-14.08924	-12.38328
15152425000.00000	-13.56806	-12.56661
15162420000.00000	-13.73121	-12.17176
15172415000.00000	-13.53375	-11.80677
15182410000.00000	-12.95723	-12.07125
15192405000.00000	-13.15723	-12.32214
15202400000.00000	-13.96227	-12.06171
15212395000.00000	-14.28330	-12.26921
15222390000.00000	-14.41324	-13.04603
15232385000.00000	-14.95190	-13.35849
15242380000.00000	-15.15074	-13.00466
15252375000.00000	-14.33844	-12.92928
15262370000.00000	-13.76163	-13.13910
15272365000.00000	-13.92471	-12.81473
15282360000.00000	-13.89410	-12.32148
15292355000.00000	-13.55133	-12.45719
15302350000.00000	-14.00189	-12.93359
15312345000.00000	-15.14764	-13.04541
15322340000.00000	-15.62480	-13.37299
15332335000.00000	-15.61360	-14.19495
15342330000.00000	-16.02692	-14.68854
15352325000.00000	-16.30468	-14.47969
15362320000.00000	-15.58988	-14.40484
15372315000.00000	-14.89997	-14.48044
15382310000.00000	-15.13020	-14.05362
15392305000.00000	-15.49432	-13.62255
15402300000.00000	-15.34092	-13.94014
15412295000.00000	-15.65082	-14.51639
15422290000.00000	-16.57347	-14.66073
15432285000.00000	-17.01320	-15.04803
15442280000.00000	-16.89075	-16.11347
15452275000.00000	-17.17135	-16.76070
15462270000.00000	-17.46560	-16.34807
15472265000.00000	-16.90598	-15.86740
15482260000.00000	-16.29001	-15.93746
15492255000.00000	-16.44207	-15.83426
15502250000.00000	-16.81163	-15.57451
15512245000.00000	-16.65284	-16.00845
15522240000.00000	-16.98007	-17.17594
15532235000.00000	-18.00420	-17.97077
15542230000.00000	-18.73476	-18.38273
15552225000.00000	-18.55894	-19.13528
15562220000.00000	-18.48179	-19.43647
15572215000.00000	-18.69471	-18.98063
15582210000.00000	-18.60077	-18.54244
15592205000.00000	-18.26603	-18.69571
15602200000.00000	-18.45634	-18.97435
15612195000.00000	-18.93139	-19.04880
15622190000.00000	-19.20846	-19.85527
15632185000.00000	-19.81796	-21.05539
15642180000.00000	-21.09475	-21.56213
15652175000.00000	-21.86089	-21.82874
15662170000.00000	-21.81514	-22.69355
15672165000.00000	-22.16697	-23.43319
15682160000.00000	-23.08845	-23.07233
15692155000.00000	-23.56868	-22.40168
15702150000.00000	-23.04292	-22.50903
15712145000.00000	-23.10615	-22.62883
15722140000.00000	-23.67070	-22.31645
15732135000.00000	-23.92475	-22.84768
15742130000.00000	-24.53586	-24.70313
15752125000.00000	-26.24132	-26.85849
15762120000.00000	-27.92241	-28.78453
15772115000.00000	-27.22658	-30.83892
15782110000.00000	-25.63940	-32.56110
15792105000.00000	-25.17060	-31.77637
15802100000.00000	-25.61690	-29.76263
15812095000.00000	-25.52871	-28.81307
15822090000.00000	-25.64650	-28.50722
15832085000.00000	-26.61903	-28.19657
15842080000.00000	-28.00001	-29.52163
15852075000.00000	-29.24778	-35.32451
15862070000.00000	-31.92296	-51.26072
15872065000.00000	-35.37786	-41.40688
15882060000.00000	-36.01087	-36.24911
15892055000.00000	-35.09365	-32.93883
15902050000.00000	-34.11703	-33.57070
15912045000.00000	-34.13615	-35.21710
15922040000.00000	-32.77964	-35.05749
15932035000.00000	-30.98294	-35.34924
15942030000.00000	-30.46028	-34.85281
15952025000.00000	-30.57950	-33.44329
15962020000.00000	-30.07186	-30.52908
15972015000.00000	-28.77493	-28.12792
15982010000.00000	-28.79090	-27.43888
15992005000.00000	-29.88128	-26.65501
16002000000.00000	-29.85864	-25.28671
16011995000.00000	-28.74534	-24.89768
16021990000.00000	-28.51141	-25.41361
16031985000.00000	-28.63791	-25.13725
16041980000.00000	-28.21512	-24.06326
16051975000.00000	-28.00564	-23.37423
16061970000.00000	-28.35947	-23.05529
16071965000.00000	-28.09461	-22.08602
16081960000.00000	-26.43919	-21.10556
16091955000.00000	-25.28216	-21.12771
16101950000.00000	-25.21968	-21.32755
16111945000.00000	-24.80972	-20.88250
16121940000.00000	-23.44161	-20.78951
16131935000.00000	-22.14535	-21.12398
16141930000.00000	-21.41242	-20.94353
16151925000.00000	-20.63896	-20.36764
16161920000.00000	-19.98710	-20.03970
16171915000.00000	-19.81585	-19.88453
16181910000.00000	-19.63224	-19.36253
16191905000.00000	-19.22755	-18.96511
16201900000.00000	-19.11963	-18.91583
16211895000.00000	-19.36276	-18.63292
16221890000.00000	-19.08793	-18.07112
16231885000.00000	-18.42963	-17.78951
16241880000.00000	-18.19890	-17.90007
16251875000.00000	-18.48480	-17.89109
16261870000.00000	-18.44331	-17.72032
16271865000.00000	-18.07422	-17.84690
16281860000.00000	-18.08831	-18.06706
16291855000.00000	-18.20781	-17.68820
16301850000.00000	-17.72290	-17.23639
16311845000.00000	-17.19855	-17.05739
16321840000.00000	-16.97719	-16.56874
16331835000.00000	-16.50277	-16.00005
16341830000.00000	-15.71419	-15.83528
16351825000.00000	-15.21836	-15.89675
16361820000.00000	-15.19686	-15.74311
16371815000.00000	-15.03943	-15.57270
16381810000.00000	-14.85124	-15.57900
16391805000.00000	-15.07275	-15.39006
16401800000.00000	-15.33276	-14.88137
16411795000.00000	-15.19390	-14.56031
16421790000.00000	-15.03388	-14.43806
16431785000.00000	-15.11645	-14.21753
16441780000.00000	-14.86321	-13.97739
16451775000.00000	-14.25226	-14.08900
16461770000.00000	-14.04925	-14.37246
16471765000.00000	-14.17354	-14.43823
16481760000.00000	-13.95907	-14.50186
16491755000.00000	-13.55074	-14.70265
16501750000.00000	-13.57961	-14.49044
16511745000.00000	-13.73686	-13.91129
16521740000.00000	-13.45392	-13.58750
16531735000.00000	-13.14543	-13.45381
16541730000.00000	-13.20477	-13.09396
16551725000.00000	-13.35224	-12.80900
16561720000.00000	-13.14173	-12.97924
16571715000.00000	-13.04964	-13.27786
16581710000.00000	-13.18369	-13.29533
16591705000.00000	-13.01783	-13.36321
16601700000.00000	-12.84903	-13.64157
16611695000.00000	-13.10500	-13.56239
16621690000.00000	-13.39602	-13.13881
16631685000.00000	-13.06951	-12.95354
16641680000.00000	-12.65505	-13.01708
16651675000.00000	-12.72735	-12.69886
16661670000.00000	-12.76574	-12.25697
16671665000.00000	-12.40978	-12.33754
16681660000.00000	-12.26625	-12.65085
16691655000.00000	-12.49324	-12.66473
16701650000.00000	-12.44604	-12.64191
16711645000.00000	-12.11621	-12.80186
16721640000.00000	-12.15396	-12.66889
16731635000.00000	-12.38171	-12.27891
16741630000.00000	-12.28337	-12.21183
16751625000.00000	-12.12852	-12.46558
16761620000.00000	-12.39357	-12.49344
16771615000.00000	-12.57558	-12.39245
16781610000.00000	-12.22731	-12.71569
16791605000.00000	-12.15057	-13.04205
16801600000.00000	-12.45652	-12.91623
16811595000.00000	-12.51476	-12.78674
16821590000.00000	-12.13073	-12.82182
16831585000.00000	-12.06642	-12.50508
16841580000.00000	-12.35971	-11.87085
16851575000.00000	-12.27089	-11.52550
16861570000.00000	-12.05819	-11.65881
16871565000.00000	-12.26758	-11.66801
16881560000.00000	-12.57166	-11.65006
16891555000.00000	-12.44616	-12.14482
16901550000.00000	-12.37753	-12.80541
16911545000.00000	-12.78917	-12.97958
16921540000.00000	-13.02101	-13.01304
16931535000.00000	-12.69091	-13.35968
16941530000.00000	-12.54312	-13.50294
16951525000.00000	-12.77391	-13.14134
16961520000.00000	-12.71250	-13.04134
16971515000.00000	-12.45615	-13.44127
16981510000.00000	-12.72523	-13.53704
16991505000.00000	-13.27888	-13.29288
17001500000.00000	-13.31039	-13.54658
17011495000.00000	-13.13819	-14.12826
17021490000.00000	-13.43465	-14.12539
17031485000.00000	-13.70276	-13.72917
17041480000.00000	-13.41384	-13.70115
17051475000.00000	-13.31818	-13.81478
17061470000.00000	-13.81783	-13.56308
17071465000.00000	-14.25404	-13.40114
17081460000.00000	-14.25225	-13.92588
17091455000.00000	-14.62789	-14.57977
17101450000.00000	-15.34997	-14.82743
17111445000.00000	-15.33241	-15.25172
17121440000.00000	-14.76387	-15.97447
17131435000.00000	-14.60677	-16.14623
17141430000.00000	-14.76826	-15.71867
17151425000.00000	-14.50404	-15.53785
17161420000.00000	-14.19596	-15.53544
17171415000.00000	-14.50431	-15.13648
17181410000.00000	-14.92561	-14.74486
17191405000.00000	-14.91975	-15.18024
17201400000.00000	-15.10460	-16.01804
17211395000.00000	-15.81456	-16.26809
17221390000.00000	-16.23239	-16.34218
17231385000.00000	-15.87731	-16.82009
17241380000.00000	-15.77003	-17.07097
17251375000.00000	-16.42748	-16.56300
17261370000.00000	-16.93291	-16.25898
17271365000.00000	-16.93466	-16.90467
17281360000.00000	-17.44109	-17.58680
17291355000.00000	-18.53193	-17.45713
17301350000.00000	-18.72744	-17.60365
17311345000.00000	-17.89698	-18.41899
17321340000.00000	-17.34477	-18.67644
17331335000.00000	-17.25289	-18.10294
17341330000.00000	-16.81798	-17.75284
17351325000.00000	-16.03351	-17.98164
17361320000.00000	-16.00697	-17.66527
17371315000.00000	-16.66847	-16.80202
17381310000.00000	-16.82388	-16.56389
17391305000.00000	-16.64570	-16.88397
17401300000.00000	-16.97278	-16.68835
17411295000.00000	-17.45887	-16.14840
17421290000.00000	-17.07649	-16.08158
17431285000.00000	-16.41255	-16.19029
17441280000.00000	-16.40751	-15.74049
17451275000.00000	-16.49862	-15.14976
17461270000.00000	-16.05897	-15.22006
17471265000.00000	-15.85574	-15.54608
17481260000.00000	-16.36538	-15.34311
17491255000.00000	-16.69524	-15.19287
17501250000.00000	-15.98750	-15.61086
17511245000.00000	-15.16505	-15.80822
17521240000.00000	-14.74577	-15.14420
17531235000.00000	-14.15985	-14.47788
17541230000.00000	-13.18080	-14.37832
17551225000.00000	-12.65131	-14.07978
17561220000.00000	-12.70916	-13.21689
17571215000.00000	-12.64614	-12.62569
17581210000.00000	-12.37075	-12.56129
17591205000.00000	-12.42594	-12.20923
17601200000.00000	-12.62302	-11.61675
17611195000.00000	-12.34894	-11.54692
17621190000.00000	-11.90573	-11.90756
17631185000.00000	-11.87598	-11.84861
17641180000.00000	-12.00930	-11.48247
17651175000.00000	-11.70818	-11.59147
17661170000.00000	-11.46343	-11.95059
17671165000.00000	-11.71358	-11.76121
17681160000.00000	-12.04285	-11.36736
17691155000.00000	-11.89240	-11.41071
17701150000.00000	-11.68821	-11.41496
17711145000.00000	-11.65044	-10.89264
17721140000.00000	-11.22759	-10.39114
17731135000.00000	-10.42931	-10.32091
17741130000.00000	-9.98255	-10.13968
17751125000.00000	-9.96097	-9.65724
17761120000.00000	-9.77570	-9.41266
17771115000.00000	-9.43134	-9.52413
17781110000.00000	-9.51105	-9.40417
17791105000.00000	-9.77244	-9.03702
17801100000.00000	-9.69786	-8.98460
17811095000.00000	-9.60677	-9.24245
17821090000.00000	-9.86698	-9.19068
17831085000.00000	-10.00651	-9.06094
17841080000.00000	-9.67862	-9.28703
17851075000.00000	-9.50933	-9.58291
17861070000.00000	-9.76754	-9.44214
17871065000.00000	-9.94330	-9.27433
17881060000.00000	-9.70127	-9.38241
17891055000.00000	-9.62558	-9.27792
17901050000.00000	-9.68986	-8.76138
17911045000.00000	-9.45453	-8.41084
17921040000.00000	-9.04294	-8.39311
17931035000.00000	-8.92776	-8.25518
17941030000.00000	-8.97047	-7.95799
17951025000.00000	-8.64858	-7.97035
17961020000.00000	-8.36651	-8.22796
17971015000.00000	-8.49114	-8.21119
17981010000.00000	-8.63121	-8.01667
17991005000.00000	-8.44117	-8.10382
18001000000.00000	-8.41981	-8.23342
18010995000.00000	-8.73258	-8.03615
18020990000.00000	-8.85927	-7.89765
18030985000.00000	-8.69626	-8.12056
18040980000.00000	-8.74645	-8.38121
18050975000.00000	-9.07426	-8.34155
18060970000.00000	-9.08577	-8.40573
18070965000.00000	-8.90366	-8.68163
18080960000.00000	-9.02115	-8.62565
18090955000.00000	-9.23172	-8.16928
18100950000.00000	-9.05919	-7.91092
18110945000.00000	-8.83445	-7.84340
18120940000.00000	-8.90988	-7.58843
18130935000.00000	-9.04332	-7.30636
18140930000.00000	-8.79535	-7.39149
18150925000.00000	-8.67708	-7.65451
18160920000.00000	-8.90496	-7.68322
18170915000.00000	-9.01243	-7.73373
18180910000.00000	-8.80288	-8.03868
18190905000.00000	-8.91959	-8.25289
18200900000.00000	-9.29351	-8.08883
18210895000.00000	-9.37381	-8.00317
18220890000.00000	-9.20444	-8.22966
18230885000.00000	-9.40373	-8.36157
18240880000.00000	-9.78838	-8.28455
18250875000.00000	-9.78222	-8.45551
18260870000.00000	-9.66173	-8.86876
18270865000.00000	-9.86126	-8.96553
18280860000.00000	-10.11378	-8.74396
18290855000.00000	-9.91928	-8.71090
18300850000.00000	-9.77441	-8.74753
18310845000.00000	-10.04231	-8.40299
18320840000.00000	-10.22638	-8.04212
18330835000.00000	-10.01821	-8.11371
18340830000.00000	-10.00821	-8.29559
18350825000.00000	-10.42520	-8.21653
18360820000.00000	-10.62169	-8.30089
18370815000.00000	-10.51954	-8.80029
18380810000.00000	-10.70250	-9.17191
18390805000.00000	-11.12688	-9.13135
18400800000.00000	-11.10816	-9.12000
18410795000.00000	-10.89978	-9.34811
18420790000.00000	-11.07012	-9.30046
18430785000.00000	-11.43780	-9.05011
18440780000.00000	-11.42501	-9.15097
18450775000.00000	-11.38020	-9.57497
18460770000.00000	-11.77570	-9.74645
18470765000.00000	-12.16572	-9.75270
18480760000.00000	-12.07509	-10.02945
18490755000.00000	-11.99627	-10.28429
18500750000.00000	-12.31826	-9.97227
18510745000.00000	-12.38904	-9.54008
18520740000.00000	-11.98279	-9.50720
18530735000.00000	-11.88825	-9.58862
18540730000.00000	-12.31061	-9.35101
18550725000.00000	-12.45663	-9.29104
18560720000.00000	-12.18653	-9.70427
18570715000.00000	-12.28581	-10.09163
18580710000.00000	-12.75061	-10.14073
18590705000.00000	-12.77730	-10.36539
18600700000.00000	-12.47215	-10.76525
18610695000.00000	-12.50519	-10.72819
18620690000.00000	-12.62189	-10.33997
18630685000.00000	-12.28752	-10.22607
18640680000.00000	-11.91659	-10.40634
18650675000.00000	-12.06022	-10.30541
18660670000.00000	-12.30461	-10.11620
18670665000.00000	-11.99793	-10.28009
18680660000.00000	-11.68047	-10.59469
18690655000.00000	-11.82771	-10.45041
18700650000.00000	-11.94386	-10.14764
18710645000.00000	-11.52613	-10.16397
18720640000.00000	-11.25931	-10.17470
18730635000.00000	-11.46193	-9.82690
18740630000.00000	-11.56018	-9.58104
18750625000.00000	-11.32384	-9.82932
18760620000.00000	-11.38063	-10.11385
18770615000.00000	-11.78011	-10.07007
18780610000.00000	-11.80896	-10.18920
18790605000.00000	-11.45491	-10.58243
18800600000.00000	-11.41696	-10.60020
18810595000.00000	-11.51489	-10.20252
18820590000.00000	-11.19060	-9.96243
18830585000.00000	-10.71254	-9.93999
18840580000.00000	-10.65027	-9.63139
18850575000.00000	-10.68122	-9.19215
18860570000.00000	-10.34627	-9.12431
18870565000.00000	-10.02949	-9.29781
18880560000.00000	-10.08552	-9.13699
18890555000.00000	-10.15345	-8.92498
18900550000.00000	-9.85393	-9.03011
18910545000.00000	-9.71433	-9.18136
18920540000.00000	-9.92616	-8.91591
18930535000.00000	-10.00550	-8.65145
18940530000.00000	-9.74244	-8.72736
18950525000.00000	-9.67773	-8.81221
18960520000.00000	-9.89864	-8.59898
18970515000.00000	-9.85492	-8.51550
18980510000.00000	-9.60383	-8.71969
18990505000.00000	-9.63125	-8.79852
19000500000.00000	-9.77291	-8.61342
19010495000.00000	-9.55094	-8.60289
19020490000.00000	-9.22144	-8.73154
19030485000.00000	-9.30631	-8.52676
19040480000.00000	-9.36922	-8.11290
19050475000.00000	-9.05380	-7.94559
19060470000.00000	-8.77831	-7.89971
19070465000.00000	-8.87502	-7.63576
19080460000.00000	-8.89235	-7.42744
19090455000.00000	-8.64284	-7.54769
19100450000.00000	-8.60337	-7.74247
19110445000.00000	-8.83755	-7.64364
19120440000.00000	-8.87977	-7.59647
19130435000.00000	-8.74515	-7.76486
19140430000.00000	-8.88577	-7.82295
19150425000.00000	-9.16817	-7.54275
19160420000.00000	-9.06739	-7.36426
19170415000.00000	-8.80490	-7.40129
19180410000.00000	-8.81101	-7.31771
19190405000.00000	-8.88530	-7.18488
19200400000.00000	-8.65941	-7.32681
19210395000.00000	-8.46388	-7.65332
19220390000.00000	-8.58450	-7.67041
19230385000.00000	-8.68394	-7.49910
19240380000.00000	-8.47116	-7.47962
19250375000.00000	-8.36885	-7.46007
19260370000.00000	-8.51759	-7.15786
19270365000.00000	-8.53626	-6.89303
19280360000.00000	-8.35835	-6.93838
19290355000.00000	-8.44414	-7.01068
19300350000.00000	-8.73599	-6.91662
19310345000.00000	-8.76630	-6.99102
19320340000.00000	-8.62457	-7.28774
19330335000.00000	-8.82074	-7.41078
19340330000.00000	-9.10502	-7.28368
19350325000.00000	-9.08538	-7.22124
19360320000.00000	-8.98250	-7.23932
19370315000.00000	-9.11803	-7.02238
19380310000.00000	-9.16849	-6.72924
19390305000.00000	-8.87570	-6.75558
19400300000.00000	-8.69210	-6.97171
19410295000.00000	-8.82842	-7.01060
19420290000.00000	-8.90619	-7.09929
19430285000.00000	-8.73884	-7.40783
19440280000.00000	-8.83234	-7.63871
19450275000.00000	-9.16297	-7.53739
19460270000.00000	-9.20255	-7.38611
19470265000.00000	-9.01598	-7.41721
19480260000.00000	-9.11462	-7.35564
19490255000.00000	-9.38042	-7.14787
19500250000.00000	-9.34080	-7.15483
19510245000.00000	-9.28919	-7.42599
19520240000.00000	-9.57937	-7.58106
19530235000.00000	-9.90703	-7.61193
19540230000.00000	-9.93168	-7.81399
19550225000.00000	-9.97780	-8.06040
19560220000.00000	-10.28496	-7.97803
19570215000.00000	-10.45177	-7.75873
19580210000.00000	-10.23316	-7.77940
19590205000.00000	-10.13739	-7.85659
19600200000.00000	-10.27351	-7.74010
19610195000.00000	-10.19551	-7.76221
19620190000.00000	-9.88669	-8.10035
19630185000.00000	-9.95169	-8.40184
19640180000.00000	-10.27123	-8.40037
19650175000.00000	-10.32551	-8.47421
19660170000.00000	-10.25423	-8.70781
19670165000.00000	-10.57375	-8.73348
19680160000.00000	-10.96454	-8.49527
19690155000.00000	-10.94097	-8.42305
19700150000.00000	-10.98830	-8.58530
19710145000.00000	-11.34596	-8.61031
19720140000.00000	-11.51950	-8.56771
19730135000.00000	-11.26675	-8.82509
19740130000.00000	-11.20218	-9.22079
19750125000.00000	-11.51723	-9.35071
19760120000.00000	-11.71297	-9.43451
19770115000.00000	-11.62157	-9.69086
19780110000.00000	-11.71436	-9.88502
19790105000.00000	-12.07572	-9.67397
19800100000.00000	-12.12441	-9.48447
19810095000.00000	-11.82673	-9.59296
19820090000.00000	-11.76231	-9.61339
19830085000.00000	-11.85077	-9.43827
19840080000.00000	-11.44749	-9.48352
19850075000.00000	-11.00599	-9.86749
19860070000.00000	-11.08906	-10.14634
19870065000.00000	-11.40332	-10.17683
19880060000.00000	-11.49876	-10.36327
19890055000.00000	-11.68274	-10.65248
19900050000.00000	-12.26889	-10.62408
19910045000.00000	-12.72599	-10.37083
19920040000.00000	-12.58957	-10.39102
19930035000.00000	-12.48233	-10.59164
19940030000.00000	-12.58488	-10.62582
19950025000.00000	-12.48863	-10.67196
19960020000.00000	-12.10593	-11.03857
19970015000.00000	-12.06886	-11.37553
19980010000.00000	-12.49108	-11.40857
19990005000.00000	-12.69808	-11.35366
20000000000.00000	-12.63799	-11.39742
