10000000.00000	-30.99142	-30.89245
16243750.00000	-27.47150	-27.31077
22487500.00000	-25.40322	-25.20454
28731250.00000	-24.15570	-23.89926
34975000.00000	-23.52024	-23.18645
41218750.00000	-23.44387	-22.97830
47462500.00000	-24.00714	-23.26631
53706250.00000	-25.50981	-24.16958
59950000.00000	-25.50125	-24.51617
66193750.00000	-20.92129	-22.26534
72437500.00000	-22.24499	-21.46409
78681250.00000	-25.90431	-24.41292
84925000.00000	-30.93654	-29.03338
91168750.00000	-40.49974	-36.70151
97412500.00000	-38.30256	-40.94816
103656250.00000	-31.27576	-31.95885
109900000.00000	-28.05507	-27.74513
116143750.00000	-25.52559	-25.01638
122387500.00000	-22.97847	-23.40245
128631250.00000	-21.60622	-22.22824
134875000.00000	-19.87556	-19.92543
141118750.00000	-18.83391	-18.47240
147362500.00000	-19.20657	-18.60985
153606250.00000	-20.04767	-19.10937
159850000.00000	-20.43805	-19.73986
166093750.00000	-20.44680	-20.47337
172337500.00000	-21.16076	-21.59159
178581250.00000	-23.04270	-23.45839
184825000.00000	-26.44232	-26.62560
191068750.00000	-33.27288	-33.51728
197312500.00000	-37.21961	-36.47806
203556250.00000	-27.68703	-26.35782
209800000.00000	-23.56471	-23.33106
216043750.00000	-20.48589	-21.60477
222287500.00000	-18.70380	-20.37456
228531250.00000	-17.73142	-19.10817
234775000.00000	-17.12440	-17.50619
241018750.00000	-16.65992	-16.13416
247262500.00000	-16.43581	-15.58404
253506250.00000	-16.52467	-15.58512
259750000.00000	-16.94707	-15.95439
265993750.00000	-17.74230	-16.56868
272237500.00000	-19.03689	-17.56420
278481250.00000	-21.24810	-19.34000
284725000.00000	-25.57571	-22.65643
290968750.00000	-31.09334	-29.19961
297212500.00000	-26.45426	-42.47718
303456250.00000	-22.23948	-28.60768
309700000.00000	-19.50860	-22.85095
315943750.00000	-17.49555	-19.28681
322187500.00000	-15.98095	-17.03173
328431250.00000	-14.92641	-15.65140
334675000.00000	-14.24367	-14.80290
340918750.00000	-13.85445	-14.30981
347162500.00000	-13.72277	-14.10280
353406250.00000	-13.88736	-14.18888
359650000.00000	-14.45606	-14.60234
365893750.00000	-15.47752	-15.28132
372137500.00000	-16.95732	-16.20623
378381250.00000	-18.96498	-17.49169
384625000.00000	-21.78819	-19.44817
390868750.00000	-26.36936	-22.78142
397112500.00000	-36.33955	-30.17092
403356250.00000	-30.52730	-35.35406
409600000.00000	-23.55057	-23.97216
415843750.00000	-19.86154	-19.71003
422087500.00000	-17.55228	-17.31461
428331250.00000	-16.03397	-15.78774
434575000.00000	-15.06412	-14.77245
440818750.00000	-14.55055	-14.14616
447062500.00000	-14.42232	-13.86049
453306250.00000	-14.55231	-13.87366
459550000.00000	-14.83525	-14.14146
465793750.00000	-15.31208	-14.66586
472037500.00000	-16.06763	-15.45957
478281250.00000	-17.21841	-16.52188
484525000.00000	-18.95805	-17.91593
490768750.00000	-21.60023	-19.72719
497012500.00000	-25.49378	-21.89147
503256250.00000	-28.59156	-23.61824
509500000.00000	-25.32377	-23.36093
515743750.00000	-21.42705	-21.44733
521987500.00000	-18.69518	-19.36248
528231250.00000	-16.78464	-17.62860
534475000.00000	-15.41980	-16.28341
540718750.00000	-14.46767	-15.26160
546962500.00000	-13.83928	-14.51846
553206250.00000	-13.47742	-14.01540
559450000.00000	-13.32797	-13.76618
565693750.00000	-13.37057	-13.79768
571937500.00000	-13.61844	-14.12429
578181250.00000	-14.10513	-14.74015
584425000.00000	-14.86463	-15.63251
590668750.00000	-15.96113	-16.80385
596912500.00000	-17.50239	-18.27911
603156250.00000	-19.64322	-20.02544
609400000.00000	-22.51919	-21.69894
615643750.00000	-25.46959	-22.37803
621887500.00000	-25.34366	-21.48090
628131250.00000	-22.37969	-19.77810
634375000.00000	-19.54577	-18.02944
640618750.00000	-17.41130	-16.52161
646862500.00000	-15.88546	-15.32897
653106250.00000	-14.83537	-14.44648
659350000.00000	-14.13893	-13.85861
665593750.00000	-13.72869	-13.54844
671837500.00000	-13.56015	-13.48523
678081250.00000	-13.60879	-13.63167
684325000.00000	-13.86575	-13.97256
690568750.00000	-14.34201	-14.51031
696812500.00000	-15.07246	-15.26590
703056250.00000	-16.12721	-16.28742
709300000.00000	-17.60611	-17.62376
715543750.00000	-19.64330	-19.30947
721787500.00000	-22.31851	-21.24657
728031250.00000	-24.96024	-22.89381
734275000.00000	-24.86496	-23.06377
740518750.00000	-22.25955	-21.52286
746762500.00000	-19.76129	-19.47299
753006250.00000	-17.90592	-17.68429
759250000.00000	-16.58472	-16.32250
765493750.00000	-15.65934	-15.36987
771737500.00000	-15.05541	-14.76658
777981250.00000	-14.73502	-14.46783
784225000.00000	-14.67146	-14.43403
790468750.00000	-14.84806	-14.63803
796712500.00000	-15.26070	-15.07791
802956250.00000	-15.89851	-15.75651
809200000.00000	-16.75762	-16.68813
815443750.00000	-17.84307	-17.90714
821687500.00000	-19.19797	-19.45987
827931250.00000	-20.93709	-21.43679
834175000.00000	-23.28674	-23.99208
840418750.00000	-26.76990	-27.18726
846662500.00000	-32.64724	-29.39671
852906250.00000	-37.16007	-27.49007
859150000.00000	-29.87153	-24.39932
865393750.00000	-25.62029	-22.05386
871637500.00000	-23.20498	-20.50204
877881250.00000	-21.78830	-19.57354
884125000.00000	-21.02157	-19.12855
890368750.00000	-20.76956	-19.06489
896612500.00000	-20.97596	-19.32123
902856250.00000	-21.62491	-19.88449
909100000.00000	-22.73784	-20.76295
915343750.00000	-24.39338	-22.02541
921587500.00000	-26.81160	-23.80124
927831250.00000	-30.58390	-26.37501
934075000.00000	-37.99411	-30.49117
940318750.00000	-40.80853	-38.09832
946562500.00000	-31.13929	-35.06935
952806250.00000	-26.44835	-28.20787
959050000.00000	-23.48939	-24.31152
965293750.00000	-21.44363	-21.81473
971537500.00000	-19.98510	-20.15662
977781250.00000	-18.94921	-19.07213
984025000.00000	-18.25873	-18.42780
990268750.00000	-17.87844	-18.12243
996512500.00000	-17.77658	-18.08827
1002756250.00000	-17.93242	-18.27578
1009000000.00000	-18.33185	-18.65354
1015243750.00000	-18.97247	-19.21261
1021487500.00000	-19.87607	-19.98146
1027731250.00000	-21.09687	-21.02968
1033975000.00000	-22.68133	-22.42496
1040218750.00000	-24.55299	-24.11279
1046462500.00000	-26.01849	-25.46573
1052706250.00000	-25.70101	-25.20986
1058950000.00000	-23.80713	-23.42204
1065193750.00000	-21.72005	-21.40115
1071437500.00000	-20.02884	-19.74121
1077681250.00000	-18.79825	-18.51540
1083925000.00000	-17.96303	-17.66248
1090168750.00000	-17.45740	-17.10360
1096412500.00000	-17.23050	-16.77478
1102656250.00000	-17.23793	-16.63531
1108900000.00000	-17.44378	-16.65841
1115143750.00000	-17.83267	-16.84881
1121387500.00000	-18.40576	-17.22226
1127631250.00000	-19.19808	-17.81494
1133875000.00000	-20.26419	-18.67410
1140118750.00000	-21.69538	-19.86184
1146362500.00000	-23.53916	-21.42211
1152606250.00000	-25.58951	-23.26911
1158850000.00000	-26.64163	-24.82597
1165093750.00000	-25.40264	-24.83980
1171337500.00000	-23.11343	-23.22773
1177581250.00000	-21.05830	-21.25884
1183825000.00000	-19.50520	-19.59453
1190068750.00000	-18.42155	-18.35655
1196312500.00000	-17.74211	-17.53149
1202556250.00000	-17.39606	-17.06703
1208800000.00000	-17.33455	-16.93237
1215043750.00000	-17.52614	-17.10485
1221287500.00000	-17.95352	-17.57304
1227531250.00000	-18.63267	-18.33177
1233775000.00000	-19.59646	-19.37994
1240018750.00000	-20.88412	-20.67146
1246262500.00000	-22.45373	-22.03949
1252506250.00000	-23.95782	-23.03168
1258750000.00000	-24.50006	-23.03859
1264993750.00000	-23.50840	-22.06786
1271237500.00000	-21.78504	-20.71997
1277481250.00000	-20.15834	-19.46164
1283725000.00000	-18.88440	-18.44999
1289968750.00000	-17.97610	-17.69794
1296212500.00000	-17.38363	-17.17775
1302456250.00000	-17.04740	-16.85113
1308700000.00000	-16.93726	-16.68220
1314943750.00000	-17.02946	-16.65539
1321187500.00000	-17.32503	-16.75661
1327431250.00000	-17.84042	-16.98899
1333675000.00000	-18.61194	-17.36440
1339918750.00000	-19.69666	-17.90470
1346162500.00000	-21.17027	-18.62677
1352406250.00000	-23.09277	-19.52472
1358650000.00000	-25.28840	-20.51846
1364893750.00000	-26.67912	-21.37125
1371137500.00000	-25.80371	-21.70302
1377381250.00000	-23.66770	-21.28132
1383625000.00000	-21.66458	-20.31897
1389868750.00000	-20.13506	-19.21829
1396112500.00000	-19.07337	-18.25402
1402356250.00000	-18.41895	-17.53398
1408600000.00000	-18.13260	-17.10034
1414843750.00000	-18.19223	-16.95921
1421087500.00000	-18.59993	-17.10702
1427331250.00000	-19.37606	-17.53937
1433575000.00000	-20.56108	-18.23751
1439818750.00000	-22.21791	-19.13878
1446062500.00000	-24.40301	-20.10795
1452306250.00000	-26.96968	-20.87702
1458550000.00000	-28.77198	-21.12406
1464793750.00000	-27.96365	-20.74706
1471037500.00000	-25.74522	-19.98321
1477281250.00000	-23.71378	-19.13851
1483525000.00000	-22.18838	-18.40849
1489768750.00000	-21.12240	-17.86349
1496012500.00000	-20.42569	-17.50845
1502256250.00000	-20.02085	-17.32759
1508500000.00000	-19.85909	-17.28472
1514743750.00000	-19.90390	-17.34180
1520987500.00000	-20.13873	-17.46696
1527231250.00000	-20.57302	-17.63409
1533475000.00000	-21.23984	-17.84255
1539718750.00000	-22.19498	-18.09319
1545962500.00000	-23.54044	-18.40120
1552206250.00000	-25.43742	-18.78073
1558450000.00000	-28.04547	-19.21914
1564693750.00000	-30.85515	-19.65600
1570937500.00000	-30.65031	-19.96973
1577181250.00000	-27.34958	-19.99117
1583425000.00000	-24.25662	-19.62470
1589668750.00000	-21.94598	-18.94016
1595912500.00000	-20.28071	-18.12343
1602156250.00000	-19.12328	-17.35160
1608400000.00000	-18.39371	-16.74084
1614643750.00000	-18.04191	-16.35311
1620887500.00000	-18.04060	-16.21658
1627131250.00000	-18.38737	-16.34645
1633375000.00000	-19.09603	-16.73416
1639618750.00000	-20.19044	-17.35027
1645862500.00000	-21.68490	-18.11298
1652106250.00000	-23.50152	-18.85876
1658350000.00000	-25.13131	-19.32785
1664593750.00000	-25.44247	-19.28865
1670837500.00000	-24.09941	-18.77227
1677081250.00000	-22.22250	-18.01310
1683325000.00000	-20.56699	-17.24637
1689568750.00000	-19.30339	-16.61337
1695812500.00000	-18.42153	-16.16723
1702056250.00000	-17.86486	-15.91904
1708300000.00000	-17.57784	-15.85139
1714543750.00000	-17.50603	-15.93803
1720787500.00000	-17.60916	-16.14684
1727031250.00000	-17.85060	-16.43530
1733275000.00000	-18.21277	-16.76959
1739518750.00000	-18.68461	-17.11453
1745762500.00000	-19.25393	-17.43954
1752006250.00000	-19.89896	-17.71203
1758250000.00000	-20.54441	-17.91778
1764493750.00000	-21.01493	-18.04575
1770737500.00000	-21.05996	-18.06852
1776981250.00000	-20.50630	-17.95307
1783225000.00000	-19.47710	-17.66181
1789468750.00000	-18.25133	-17.18275
1795712500.00000	-17.06764	-16.57095
1801956250.00000	-16.04849	-15.90344
1808200000.00000	-15.24359	-15.27725
1814443750.00000	-14.66316	-14.76281
1820687500.00000	-14.30406	-14.41229
1826931250.00000	-14.16629	-14.25905
1833175000.00000	-14.24314	-14.32321
1839418750.00000	-14.52740	-14.61117
1845662500.00000	-15.00784	-15.12570
1851906250.00000	-15.66167	-15.83808
1858150000.00000	-16.44141	-16.67003
1864393750.00000	-17.25929	-17.45737
1870637500.00000	-17.95778	-17.93855
1876881250.00000	-18.33505	-17.93760
1883125000.00000	-18.23813	-17.50518
1889368750.00000	-17.67079	-16.87957
1895612500.00000	-16.81043	-16.26789
1901856250.00000	-15.87434	-15.77841
1908100000.00000	-15.00485	-15.45095
1914343750.00000	-14.27772	-15.26937
1920587500.00000	-13.69841	-15.20655
1926831250.00000	-13.25937	-15.22651
1933075000.00000	-12.93910	-15.29606
1939318750.00000	-12.72385	-15.39059
1945562500.00000	-12.61217	-15.50442
1951806250.00000	-12.60912	-15.64121
1958050000.00000	-12.72579	-15.80483
1964293750.00000	-12.97108	-15.99245
1970537500.00000	-13.35715	-16.19786
1976781250.00000	-13.87204	-16.39315
1983025000.00000	-14.47494	-16.55374
1989268750.00000	-15.05050	-16.64741
1995512500.00000	-15.40993	-16.62093
2001756250.00000	-15.35675	-16.43190
2008000000.00000	-14.86871	-16.05599
2014243750.00000	-14.11448	-15.54590
2020487500.00000	-13.30477	-14.98656
2026731250.00000	-12.58416	-14.47118
2032975000.00000	-12.01430	-14.06552
2039218750.00000	-11.61432	-13.82137
2045462500.00000	-11.38021	-13.75756
2051706250.00000	-11.30146	-13.88115
2057950000.00000	-11.36916	-14.18677
2064193750.00000	-11.56865	-14.64240
2070437500.00000	-11.88303	-15.17950
2076681250.00000	-12.29585	-15.66894
2082925000.00000	-12.76710	-15.94778
2089168750.00000	-13.24723	-15.91597
2095412500.00000	-13.64474	-15.61916
2101656250.00000	-13.85534	-15.20520
2107900000.00000	-13.80122	-14.80697
2114143750.00000	-13.50265	-14.49753
2120387500.00000	-13.05068	-14.29101
2126631250.00000	-12.56158	-14.16676
2132875000.00000	-12.10346	-14.09121
2139118750.00000	-11.70868	-14.03451
2145362500.00000	-11.37948	-13.97168
2151606250.00000	-11.11649	-13.90465
2157850000.00000	-10.92726	-13.85004
2164093750.00000	-10.82301	-13.83830
2170337500.00000	-10.81841	-13.89692
2176581250.00000	-10.91931	-14.04519
2182825000.00000	-11.13222	-14.27626
2189068750.00000	-11.45104	-14.56362
2195312500.00000	-11.85448	-14.84937
2201556250.00000	-12.29943	-15.06143
2207800000.00000	-12.71736	-15.13420
2214043750.00000	-13.01788	-15.02743
2220287500.00000	-13.10509	-14.75194
2226531250.00000	-12.95442	-14.36002
2232775000.00000	-12.61652	-13.93071
2239018750.00000	-12.20078	-13.54209
2245262500.00000	-11.79769	-13.25007
2251506250.00000	-11.46936	-13.08898
2257750000.00000	-11.23323	-13.07096
2263993750.00000	-11.09197	-13.18673
2270237500.00000	-11.03354	-13.40606
2276481250.00000	-11.04076	-13.67053
2282725000.00000	-11.09967	-13.89847
2288968750.00000	-11.19264	-13.99698
2295212500.00000	-11.31205	-13.91527
2301456250.00000	-11.44614	-13.66940
2307700000.00000	-11.59518	-13.33688
2313943750.00000	-11.75287	-13.01297
2320187500.00000	-11.90702	-12.76933
2326431250.00000	-12.04354	-12.63488
2332675000.00000	-12.14079	-12.60282
2338918750.00000	-12.17820	-12.63695
2345162500.00000	-12.13352	-12.68337
2351406250.00000	-11.99986	-12.69134
2357650000.00000	-11.78236	-12.62604
2363893750.00000	-11.50017	-12.48324
2370137500.00000	-11.18775	-12.29309
2376381250.00000	-10.88003	-12.09014
2382625000.00000	-10.61391	-11.92831
2388868750.00000	-10.41954	-11.83164
2395112500.00000	-10.30893	-11.82052
2401356250.00000	-10.29405	-11.89719
2407600000.00000	-10.36835	-12.04488
2413843750.00000	-10.52598	-12.23312
2420087500.00000	-10.74504	-12.41712
2426331250.00000	-11.00259	-12.55582
2432575000.00000	-11.26728	-12.61230
2438818750.00000	-11.49837	-12.57103
2445062500.00000	-11.65612	-12.44095
2451306250.00000	-11.70707	-12.25670
2457550000.00000	-11.64359	-12.06178
2463793750.00000	-11.48690	-11.90613
2470037500.00000	-11.27686	-11.81497
2476281250.00000	-11.05718	-11.78829
2482525000.00000	-10.84954	-11.81046
2488768750.00000	-10.66945	-11.84763
2495012500.00000	-10.51210	-11.86286
2501256250.00000	-10.37885	-11.83753
2507500000.00000	-10.27960	-11.77133
2513743750.00000	-10.22569	-11.68252
2519987500.00000	-10.23269	-11.60401
2526231250.00000	-10.32502	-11.57086
2532475000.00000	-10.51957	-11.60787
2538718750.00000	-10.82602	-11.72203
2544962500.00000	-11.23590	-11.89934
2551206250.00000	-11.70501	-12.09620
2557450000.00000	-12.13000	-12.25067
2563693750.00000	-12.37770	-12.30200
2569937500.00000	-12.33776	-12.20881
2576181250.00000	-12.03116	-11.98020
2582425000.00000	-11.56473	-11.66163
2588668750.00000	-11.06059	-11.31032
2594912500.00000	-10.59167	-10.98346
2601156250.00000	-10.20112	-10.72509
2607400000.00000	-9.91245	-10.55540
2613643750.00000	-9.73086	-10.48965
2619887500.00000	-9.65598	-10.52424
2626131250.00000	-9.68799	-10.64156
2632375000.00000	-9.82128	-10.82181
2638618750.00000	-10.05070	-11.03767
2644862500.00000	-10.36482	-11.25790
2651106250.00000	-10.75201	-11.44975
2657350000.00000	-11.17538	-11.58794
2663593750.00000	-11.56666	-11.64597
2669837500.00000	-11.83433	-11.62948
2676081250.00000	-11.89619	-11.55906
2682325000.00000	-11.75256	-11.45912
2688568750.00000	-11.47319	-11.35503
2694812500.00000	-11.14488	-11.24544
2701056250.00000	-10.81597	-11.11720
2707300000.00000	-10.51097	-10.96201
2713543750.00000	-10.23786	-10.78679
2719787500.00000	-10.01326	-10.61296
2726031250.00000	-9.84778	-10.46924
2732275000.00000	-9.76299	-10.39010
2738518750.00000	-9.77139	-10.40017
2744762500.00000	-9.89552	-10.52497
2751006250.00000	-10.14107	-10.77381
2757250000.00000	-10.51041	-11.13337
2763493750.00000	-10.98873	-11.57654
2769737500.00000	-11.51562	-12.02488
2775981250.00000	-11.99243	-12.37821
2782225000.00000	-12.28101	-12.53165
2788468750.00000	-12.29697	-12.44830
2794712500.00000	-12.06304	-12.17384
2800956250.00000	-11.68566	-11.79733
2807200000.00000	-11.28159	-11.41390
2813443750.00000	-10.92012	-11.08594
2819687500.00000	-10.64766	-10.85442
2825931250.00000	-10.48166	-10.73819
2832175000.00000	-10.42758	-10.73745
2838418750.00000	-10.48177	-10.84984
2844662500.00000	-10.63689	-11.06283
2850906250.00000	-10.88104	-11.36100
2857150000.00000	-11.18327	-11.71379
2863393750.00000	-11.51832	-12.08906
2869637500.00000	-11.84358	-12.43180
2875881250.00000	-12.12091	-12.68524
2882125000.00000	-12.30462	-12.81043
2888368750.00000	-12.37287	-12.82357
2894612500.00000	-12.32891	-12.78008
2900856250.00000	-12.20550	-12.73006
2907100000.00000	-12.02964	-12.68015
2913343750.00000	-11.82483	-12.61531
2919587500.00000	-11.60464	-12.50547
2925831250.00000	-11.39119	-12.35210
2932075000.00000	-11.19221	-12.17235
2938318750.00000	-11.03742	-12.01401
2944562500.00000	-10.94452	-11.92400
2950806250.00000	-10.93116	-11.94396
2957050000.00000	-11.00567	-12.10888
2963293750.00000	-11.17346	-12.43093
2969537500.00000	-11.41918	-12.89787
2975781250.00000	-11.72903	-13.45267
2982025000.00000	-12.05773	-13.97512
2988268750.00000	-12.35520	-14.31255
2994512500.00000	-12.54513	-14.34617
3000756250.00000	-12.58010	-14.10135
3007000000.00000	-12.46242	-13.69880
3013243750.00000	-12.24518	-13.26236
3019487500.00000	-12.00467	-12.87896
3025731250.00000	-11.79976	-12.58717
3031975000.00000	-11.66497	-12.41023
3038218750.00000	-11.61515	-12.35441
3044462500.00000	-11.65588	-12.42116
3050706250.00000	-11.77461	-12.60740
3056950000.00000	-11.95151	-12.90213
3063193750.00000	-12.15627	-13.28064
3069437500.00000	-12.34458	-13.70013
3075681250.00000	-12.48566	-14.09411
3081925000.00000	-12.55993	-14.37710
3088168750.00000	-12.56762	-14.47697
3094412500.00000	-12.52659	-14.40100
3100656250.00000	-12.45905	-14.23549
3106900000.00000	-12.37809	-14.08518
3113143750.00000	-12.29900	-14.01012
3119387500.00000	-12.22250	-14.00761
3125631250.00000	-12.14444	-14.03268
3131875000.00000	-12.06506	-14.03009
3138118750.00000	-11.97837	-13.96609
3144362500.00000	-11.89526	-13.85049
3150606250.00000	-11.82343	-13.71680
3156850000.00000	-11.78229	-13.62896
3163093750.00000	-11.78743	-13.64676
3169337500.00000	-11.85161	-13.80995
3175581250.00000	-11.96683	-14.12379
3181825000.00000	-12.10727	-14.56372
3188068750.00000	-12.23885	-15.03072
3194312500.00000	-12.32870	-15.38058
3200556250.00000	-12.35817	-15.48796
3206800000.00000	-12.33059	-15.32441
3213043750.00000	-12.25226	-14.98001
3219287500.00000	-12.14261	-14.57590
3225531250.00000	-12.02511	-14.21151
3231775000.00000	-11.93305	-13.93824
3238018750.00000	-11.89046	-13.77409
3244262500.00000	-11.91423	-13.73304
3250506250.00000	-12.00783	-13.81117
3256750000.00000	-12.16353	-13.99539
3262993750.00000	-12.36163	-14.27272
3269237500.00000	-12.57138	-14.61291
3275481250.00000	-12.76817	-14.98530
3281725000.00000	-12.92142	-15.33487
3287968750.00000	-13.00991	-15.59415
3294212500.00000	-13.03204	-15.69837
3300456250.00000	-12.99609	-15.63144
3306700000.00000	-12.93302	-15.44197
3312943750.00000	-12.87265	-15.22735
3319187500.00000	-12.83841	-15.07744
3325431250.00000	-12.84605	-15.04012
3331675000.00000	-12.89896	-15.11643
3337918750.00000	-12.99424	-15.26897
3344162500.00000	-13.12050	-15.44401
3350406250.00000	-13.26929	-15.59050
3356650000.00000	-13.43158	-15.68174
3362893750.00000	-13.60805	-15.73350
3369137500.00000	-13.80389	-15.80268
3375381250.00000	-14.01206	-15.94352
3381625000.00000	-14.22628	-16.19790
3387868750.00000	-14.41713	-16.56899
3394112500.00000	-14.53221	-16.98206
3400356250.00000	-14.53392	-17.29877
3406600000.00000	-14.41282	-17.37165
3412843750.00000	-14.20374	-17.14864
3419087500.00000	-13.96125	-16.72711
3425331250.00000	-13.73459	-16.25126
3431575000.00000	-13.56047	-15.83585
3437818750.00000	-13.46514	-15.54899
3444062500.00000	-13.46684	-15.40931
3450306250.00000	-13.57969	-15.43347
3456550000.00000	-13.80964	-15.61704
3462793750.00000	-14.14828	-15.95017
3469037500.00000	-14.56208	-16.40961
3475281250.00000	-14.99601	-16.94469
3481525000.00000	-15.36721	-17.47854
3487768750.00000	-15.59167	-17.91445
3494012500.00000	-15.60671	-18.15622
3500256250.00000	-15.40785	-18.13896
3506500000.00000	-15.05685	-17.88800
3512743750.00000	-14.63474	-17.48975
3518987500.00000	-14.22654	-17.06133
3525231250.00000	-13.89582	-16.70261
3531475000.00000	-13.67352	-16.47071
3537718750.00000	-13.57646	-16.39478
3543962500.00000	-13.59916	-16.47158
3550206250.00000	-13.73063	-16.67315
3556450000.00000	-13.95296	-16.96796
3562693750.00000	-14.25092	-17.30934
3568937500.00000	-14.59708	-17.66466
3575181250.00000	-14.97094	-18.00435
3581425000.00000	-15.33341	-18.32657
3587668750.00000	-15.64497	-18.63255
3593912500.00000	-15.85177	-18.92918
3600156250.00000	-15.91840	-19.17050
3606400000.00000	-15.82089	-19.28266
3612643750.00000	-15.58264	-19.16388
3618887500.00000	-15.25915	-18.78864
3625131250.00000	-14.91268	-18.23050
3631375000.00000	-14.60458	-17.62924
3637618750.00000	-14.37766	-17.10718
3643862500.00000	-14.25593	-16.73787
3650106250.00000	-14.26093	-16.55965
3656350000.00000	-14.39603	-16.59168
3662593750.00000	-14.67287	-16.84245
3668837500.00000	-15.09269	-17.32541
3675081250.00000	-15.64235	-18.05844
3681325000.00000	-16.28479	-19.04824
3687568750.00000	-16.94785	-20.28784
3693812500.00000	-17.49798	-21.69324
3700056250.00000	-17.79665	-23.00558
3706300000.00000	-17.76772	-23.72415
3712543750.00000	-17.44681	-23.48940
3718787500.00000	-16.96432	-22.55997
3725031250.00000	-16.45109	-21.45662
3731275000.00000	-16.00206	-20.48228
3737518750.00000	-15.66518	-19.73827
3743762500.00000	-15.45622	-19.24057
3750006250.00000	-15.38476	-18.97818
3756250000.00000	-15.44362	-18.91946
3762493750.00000	-15.62325	-19.04169
3768737500.00000	-15.92055	-19.31521
3774981250.00000	-16.32605	-19.72352
3781225000.00000	-16.83271	-20.25885
3787468750.00000	-17.42515	-20.92216
3793712500.00000	-18.07892	-21.72137
3799956250.00000	-18.72611	-22.66640
3806200000.00000	-19.24811	-23.70882
3812443750.00000	-19.50800	-24.66181
3818687500.00000	-19.39163	-25.11061
3824931250.00000	-18.93382	-24.69276
3831175000.00000	-18.26152	-23.57786
3837418750.00000	-17.54050	-22.26987
3843662500.00000	-16.88665	-21.10900
3849906250.00000	-16.35864	-20.22397
3856150000.00000	-15.99206	-19.65326
3862393750.00000	-15.79207	-19.39152
3868637500.00000	-15.76578	-19.42972
3874881250.00000	-15.90653	-19.76292
3881125000.00000	-16.20504	-20.40203
3887368750.00000	-16.64692	-21.36058
3893612500.00000	-17.19666	-22.65080
3899856250.00000	-17.80723	-24.22293
3906100000.00000	-18.38688	-25.86014
3912343750.00000	-18.83337	-26.92600
3918587500.00000	-19.05726	-26.72694
3924831250.00000	-19.01852	-25.53048
3931075000.00000	-18.76012	-24.11208
3937318750.00000	-18.37509	-22.88029
3943562500.00000	-17.94342	-21.92587
3949806250.00000	-17.53283	-21.23083
3956050000.00000	-17.18499	-20.75436
3962293750.00000	-16.91100	-20.45797
3968537500.00000	-16.73022	-20.30805
3974781250.00000	-16.64460	-20.28918
3981025000.00000	-16.65354	-20.38746
3987268750.00000	-16.75663	-20.60084
3993512500.00000	-16.94386	-20.92018
3999756250.00000	-17.19692	-21.32116
4006000000.00000	-17.48855	-21.78132
4012243750.00000	-17.76996	-22.23473
4018487500.00000	-17.98673	-22.59337
4024731250.00000	-18.07912	-22.73124
4030975000.00000	-18.00250	-22.57171
4037218750.00000	-17.74461	-22.10732
4043462500.00000	-17.34299	-21.45413
4049706250.00000	-16.85786	-20.76301
4055950000.00000	-16.36493	-20.15040
4062193750.00000	-15.92051	-19.68012
4068437500.00000	-15.56584	-19.39721
4074681250.00000	-15.32565	-19.32004
4080925000.00000	-15.19911	-19.44011
4087168750.00000	-15.19487	-19.76106
4093412500.00000	-15.28809	-20.25915
4099656250.00000	-15.45801	-20.90593
4105900000.00000	-15.66659	-21.62444
4112143750.00000	-15.86695	-22.28957
4118387500.00000	-16.02220	-22.76769
4124631250.00000	-16.09657	-22.89842
4130875000.00000	-16.07596	-22.68604
4137118750.00000	-15.95972	-22.23420
4143362500.00000	-15.76617	-21.68737
4149606250.00000	-15.52756	-21.16461
4155850000.00000	-15.26019	-20.72107
4162093750.00000	-14.99200	-20.37833
4168337500.00000	-14.74571	-20.12589
4174581250.00000	-14.53148	-19.94301
4180825000.00000	-14.36052	-19.81911
4187068750.00000	-14.24627	-19.74524
4193312500.00000	-14.19156	-19.72698
4199556250.00000	-14.20098	-19.77357
4205800000.00000	-14.27180	-19.90672
4212043750.00000	-14.39806	-20.12834
4218287500.00000	-14.57480	-20.44433
4224531250.00000	-14.78419	-20.83659
4230775000.00000	-15.00149	-21.27421
4237018750.00000	-15.19659	-21.68219
4243262500.00000	-15.32777	-21.97100
4249506250.00000	-15.36247	-22.06189
4255750000.00000	-15.28546	-21.94045
4261993750.00000	-15.09998	-21.63937
4268237500.00000	-14.83457	-21.24805
4274481250.00000	-14.53492	-20.87458
4280725000.00000	-14.24020	-20.58666
4286968750.00000	-13.98620	-20.42138
4293212500.00000	-13.79782	-20.38909
4299456250.00000	-13.68519	-20.47331
4305700000.00000	-13.64781	-20.65115
4311943750.00000	-13.68000	-20.87296
4318187500.00000	-13.77614	-21.09640
4324431250.00000	-13.91845	-21.27967
4330675000.00000	-14.09104	-21.40284
4336918750.00000	-14.27537	-21.45118
4343162500.00000	-14.45198	-21.45834
4349406250.00000	-14.60116	-21.44553
4355650000.00000	-14.71699	-21.44577
4361893750.00000	-14.77656	-21.46494
4368137500.00000	-14.77587	-21.50868
4374381250.00000	-14.70574	-21.57038
4380625000.00000	-14.56522	-21.62126
4386868750.00000	-14.36035	-21.62377
4393112500.00000	-14.10772	-21.57426
4399356250.00000	-13.83409	-21.47476
4405600000.00000	-13.57012	-21.35478
4411843750.00000	-13.35216	-21.26602
4418087500.00000	-13.20178	-21.25295
4424331250.00000	-13.13575	-21.34310
4430575000.00000	-13.16262	-21.55825
4436818750.00000	-13.27727	-21.88700
4443062500.00000	-13.45484	-22.30928
4449306250.00000	-13.67383	-22.76349
4455550000.00000	-13.89289	-23.17595
4461793750.00000	-14.07366	-23.44451
4468037500.00000	-14.18168	-23.52593
4474281250.00000	-14.19421	-23.40298
4480525000.00000	-14.10341	-23.14018
4486768750.00000	-13.93195	-22.80581
4493012500.00000	-13.70488	-22.47817
4499256250.00000	-13.45883	-22.18042
4505500000.00000	-13.22934	-21.93389
4511743750.00000	-13.04063	-21.71987
4517987500.00000	-12.91171	-21.52938
4524231250.00000	-12.85922	-21.34587
4530475000.00000	-12.88119	-21.16401
4536718750.00000	-12.98077	-20.98869
4542962500.00000	-13.14190	-20.83042
4549206250.00000	-13.34678	-20.70687
4555450000.00000	-13.57080	-20.63115
4561693750.00000	-13.78610	-20.61606
4567937500.00000	-13.96893	-20.66104
4574181250.00000	-14.09125	-20.74468
4580425000.00000	-14.13166	-20.84495
4586668750.00000	-14.07561	-20.91496
4592912500.00000	-13.91696	-20.91534
4599156250.00000	-13.66345	-20.80832
4605400000.00000	-13.34254	-20.59140
4611643750.00000	-12.98524	-20.28356
4617887500.00000	-12.63335	-19.93625
4624131250.00000	-12.32660	-19.60472
4630375000.00000	-12.09968	-19.33011
4636618750.00000	-11.97515	-19.14035
4642862500.00000	-11.96610	-19.03833
4649106250.00000	-12.08333	-19.01735
4655350000.00000	-12.32053	-19.05550
4661593750.00000	-12.66877	-19.11332
4667837500.00000	-13.10947	-19.16293
4674081250.00000	-13.60853	-19.17546
4680325000.00000	-14.11936	-19.15086
4686568750.00000	-14.59657	-19.10714
4692812500.00000	-14.98038	-19.06259
4699056250.00000	-15.22786	-19.05464
4705300000.00000	-15.31615	-19.10924
4711543750.00000	-15.25592	-19.24889
4717787500.00000	-15.07394	-19.48280
4724031250.00000	-14.81472	-19.80111
4730275000.00000	-14.51608	-20.15967
4736518750.00000	-14.22344	-20.52038
4742762500.00000	-13.96813	-20.82071
4749006250.00000	-13.77154	-21.02041
4755250000.00000	-13.64127	-21.10766
4761493750.00000	-13.57931	-21.10412
4767737500.00000	-13.57807	-21.06746
4773981250.00000	-13.62992	-21.03130
4780225000.00000	-13.71483	-21.03574
4786468750.00000	-13.81816	-21.08001
4792712500.00000	-13.91651	-21.16806
4798956250.00000	-13.98468	-21.27598
4805200000.00000	-13.99315	-21.37828
4811443750.00000	-13.92254	-21.45592
4817687500.00000	-13.76363	-21.50245
4823931250.00000	-13.53093	-21.51828
4830175000.00000	-13.25296	-21.52962
4836418750.00000	-12.96570	-21.55780
4842662500.00000	-12.70443	-21.62221
4848906250.00000	-12.49657	-21.72770
4855150000.00000	-12.35721	-21.86031
4861393750.00000	-12.28473	-21.98854
4867637500.00000	-12.27438	-22.06094
4873881250.00000	-12.30432	-22.05558
4880125000.00000	-12.36017	-21.95403
4886368750.00000	-12.42449	-21.76947
4892612500.00000	-12.48059	-21.52825
4898856250.00000	-12.52581	-21.29553
4905100000.00000	-12.55681	-21.09806
4911343750.00000	-12.57196	-20.98976
4917587500.00000	-12.57604	-20.98214
4923831250.00000	-12.57158	-21.09528
4930075000.00000	-12.55542	-21.32165
4936318750.00000	-12.53171	-21.64199
4942562500.00000	-12.49922	-22.02370
4948806250.00000	-12.46093	-22.41312
4955050000.00000	-12.42676	-22.76154
4961293750.00000	-12.40869	-23.01579
4967537500.00000	-12.41102	-23.15627
4973781250.00000	-12.45221	-23.18266
4980025000.00000	-12.53539	-23.13879
4986268750.00000	-12.65608	-23.06171
4992512500.00000	-12.80149	-22.98194
4998756250.00000	-12.95827	-22.91858
5005000000.00000	-13.10834	-22.87791
5011243750.00000	-13.22930	-22.83330
5017487500.00000	-13.30686	-22.77584
5023731250.00000	-13.32526	-22.71087
5029975000.00000	-13.27947	-22.64279
5036218750.00000	-13.17596	-22.59969
5042462500.00000	-13.03125	-22.61593
5048706250.00000	-12.86205	-22.72742
5054950000.00000	-12.68956	-22.94614
5061193750.00000	-12.53646	-23.26414
5067437500.00000	-12.41156	-23.64537
5073681250.00000	-12.32457	-24.00417
5079925000.00000	-12.27378	-24.22700
5086168750.00000	-12.25896	-24.19902
5092412500.00000	-12.26929	-23.90510
5098656250.00000	-12.29765	-23.41081
5104900000.00000	-12.33608	-22.83299
5111143750.00000	-12.37411	-22.28321
5117387500.00000	-12.41424	-21.81843
5123631250.00000	-12.45306	-21.48458
5129875000.00000	-12.49441	-21.28714
5136118750.00000	-12.54028	-21.21993
5142362500.00000	-12.58631	-21.26002
5148606250.00000	-12.62935	-21.38498
5154850000.00000	-12.65848	-21.55807
5161093750.00000	-12.67183	-21.75046
5167337500.00000	-12.66001	-21.92834
5173581250.00000	-12.63099	-22.08215
5179825000.00000	-12.58973	-22.21010
5186068750.00000	-12.55853	-22.32665
5192312500.00000	-12.55120	-22.43426
5198556250.00000	-12.58374	-22.53290
5204800000.00000	-12.66689	-22.60945
5211043750.00000	-12.79487	-22.63844
5217287500.00000	-12.95289	-22.59874
5223531250.00000	-13.11685	-22.47957
5229775000.00000	-13.25274	-22.29030
5236018750.00000	-13.34135	-22.06766
5242262500.00000	-13.37030	-21.85939
5248506250.00000	-13.34758	-21.70371
5254750000.00000	-13.28650	-21.64009
5260993750.00000	-13.21159	-21.70488
5267237500.00000	-13.13944	-21.91094
5273481250.00000	-13.07669	-22.26949
5279725000.00000	-13.03134	-22.76574
5285968750.00000	-13.00399	-23.36437
5292212500.00000	-12.98872	-23.97760
5298456250.00000	-12.97840	-24.48689
5304700000.00000	-12.97043	-24.74327
5310943750.00000	-12.96178	-24.67374
5317187500.00000	-12.95214	-24.31706
5323431250.00000	-12.94447	-23.80743
5329675000.00000	-12.94093	-23.29417
5335918750.00000	-12.94475	-22.86840
5342162500.00000	-12.95594	-22.56339
5348406250.00000	-12.97629	-22.38894
5354650000.00000	-13.00414	-22.33487
5360893750.00000	-13.03209	-22.37702
5367137500.00000	-13.04952	-22.47617
5373381250.00000	-13.05097	-22.61422
5379625000.00000	-13.02338	-22.77797
5385868750.00000	-12.96428	-22.97552
5392112500.00000	-12.87889	-23.20617
5398356250.00000	-12.77881	-23.49857
5404600000.00000	-12.68697	-23.85363
5410843750.00000	-12.61513	-24.26187
5417087500.00000	-12.58232	-24.68621
5423331250.00000	-12.59413	-25.02857
5429575000.00000	-12.64880	-25.21869
5435818750.00000	-12.73434	-25.17897
5442062500.00000	-12.83035	-24.92675
5448306250.00000	-12.92159	-24.56031
5454550000.00000	-12.98794	-24.17619
5460793750.00000	-13.02526	-23.87562
5467037500.00000	-13.03140	-23.71435
5473281250.00000	-13.01416	-23.71026
5479525000.00000	-12.98051	-23.88540
5485768750.00000	-12.93572	-24.23995
5492012500.00000	-12.87961	-24.75698
5498256250.00000	-12.81647	-25.38407
5504500000.00000	-12.74051	-26.05512
5510743750.00000	-12.65429	-26.66261
5516987500.00000	-12.56210	-27.07760
5523231250.00000	-12.47132	-27.22619
5529475000.00000	-12.39561	-27.11155
5535718750.00000	-12.34651	-26.82727
5541962500.00000	-12.33217	-26.49862
5548206250.00000	-12.35838	-26.19787
5554450000.00000	-12.42312	-25.99132
5560693750.00000	-12.51637	-25.89154
5566937500.00000	-12.62437	-25.87853
5573181250.00000	-12.73307	-25.93072
5579425000.00000	-12.82327	-26.00767
5585668750.00000	-12.87890	-26.05908
5591912500.00000	-12.88844	-26.09442
5598156250.00000	-12.84789	-26.11165
5604400000.00000	-12.76847	-26.14785
5610643750.00000	-12.65814	-26.25007
5616887500.00000	-12.54384	-26.41697
5623131250.00000	-12.44441	-26.63955
5629375000.00000	-12.38145	-26.86604
5635618750.00000	-12.36542	-27.01549
5641862500.00000	-12.40410	-26.99291
5648106250.00000	-12.49080	-26.75153
5654350000.00000	-12.61467	-26.34079
5660593750.00000	-12.76083	-25.84939
5666837500.00000	-12.90557	-25.40682
5673081250.00000	-13.03354	-25.06386
5679325000.00000	-13.13484	-24.87098
5685568750.00000	-13.20207	-24.85532
5691812500.00000	-13.23431	-25.00041
5698056250.00000	-13.23517	-25.26274
5704300000.00000	-13.20777	-25.60873
5710543750.00000	-13.15367	-25.93654
5716787500.00000	-13.07672	-26.14623
5723031250.00000	-12.98253	-26.17210
5729275000.00000	-12.88259	-25.99308
5735518750.00000	-12.78300	-25.67064
5741762500.00000	-12.70345	-25.27764
5748006250.00000	-12.66186	-24.91988
5754250000.00000	-12.67399	-24.64839
5760493750.00000	-12.74792	-24.47638
5766737500.00000	-12.88624	-24.41998
5772981250.00000	-13.08061	-24.47489
5779225000.00000	-13.31816	-24.60237
5785468750.00000	-13.56503	-24.76129
5791712500.00000	-13.78844	-24.90676
5797956250.00000	-13.95412	-25.00061
5804200000.00000	-14.03231	-25.01869
5810443750.00000	-14.01993	-24.97980
5816687500.00000	-13.92596	-24.91396
5822931250.00000	-13.77546	-24.85729
5829175000.00000	-13.60012	-24.85010
5835418750.00000	-13.43001	-24.90034
5841662500.00000	-13.29541	-25.01115
5847906250.00000	-13.21687	-25.13993
5854150000.00000	-13.20183	-25.24603
5860393750.00000	-13.25063	-25.29248
5866637500.00000	-13.35929	-25.24392
5872881250.00000	-13.51914	-25.11216
5879125000.00000	-13.71791	-24.93017
5885368750.00000	-13.93719	-24.77052
5891612500.00000	-14.15700	-24.67018
5897856250.00000	-14.35853	-24.68469
5904100000.00000	-14.52353	-24.83811
5910343750.00000	-14.63409	-25.12391
5916587500.00000	-14.67944	-25.53322
5922831250.00000	-14.65299	-26.01811
5929075000.00000	-14.55849	-26.47741
5935318750.00000	-14.41291	-26.79631
5941562500.00000	-14.23571	-26.87547
5947806250.00000	-14.05161	-26.69953
5954050000.00000	-13.88775	-26.34607
5960293750.00000	-13.76730	-25.91194
5966537500.00000	-13.71168	-25.51374
5972781250.00000	-13.73318	-25.21234
5979025000.00000	-13.84543	-25.02167
5985268750.00000	-14.04850	-24.95957
5991512500.00000	-14.33804	-25.00511
5997756250.00000	-14.68723	-25.12693
6004000000.00000	-15.07044	-25.29391
6010243750.00000	-15.44048	-25.46581
6016487500.00000	-15.75544	-25.61592
6022731250.00000	-15.96388	-25.70375
6028975000.00000	-16.04802	-25.76886
6035218750.00000	-16.01447	-25.82574
6041462500.00000	-15.88813	-25.90545
6047706250.00000	-15.71404	-26.06193
6053950000.00000	-15.53659	-26.31014
6060193750.00000	-15.38824	-26.65703
6066437500.00000	-15.29308	-27.08659
6072681250.00000	-15.25878	-27.51364
6078925000.00000	-15.29709	-27.85675
6085168750.00000	-15.39426	-27.99904
6091412500.00000	-15.54509	-27.89263
6097656250.00000	-15.74756	-27.57084
6103900000.00000	-15.98149	-27.13796
6110143750.00000	-16.23957	-26.70844
6116387500.00000	-16.50109	-26.36584
6122631250.00000	-16.74595	-26.17604
6128875000.00000	-16.94089	-26.17282
6135118750.00000	-17.05955	-26.36799
6141362500.00000	-17.07718	-26.76361
6147606250.00000	-16.98660	-27.33103
6153850000.00000	-16.80311	-28.03700
6160093750.00000	-16.55949	-28.77916
6166337500.00000	-16.30023	-29.39607
6172581250.00000	-16.06816	-29.68877
6178825000.00000	-15.89961	-29.60198
6185068750.00000	-15.82441	-29.15293
6191312500.00000	-15.86500	-28.54407
6197556250.00000	-16.03866	-27.90343
6203800000.00000	-16.34897	-27.32442
6210043750.00000	-16.79622	-26.83595
6216287500.00000	-17.36786	-26.43326
6222531250.00000	-18.03003	-26.10599
6228775000.00000	-18.72999	-25.81150
6235018750.00000	-19.38970	-25.54629
6241262500.00000	-19.90303	-25.30684
6247506250.00000	-20.18790	-25.09412
6253750000.00000	-20.21045	-24.93177
6259993750.00000	-20.01240	-24.85609
6266237500.00000	-19.68045	-24.88074
6272481250.00000	-19.30343	-25.04658
6278725000.00000	-18.94869	-25.35511
6284968750.00000	-18.65488	-25.80730
6291212500.00000	-18.44609	-26.35729
6297456250.00000	-18.32962	-26.93330
6303700000.00000	-18.31528	-27.38725
6309943750.00000	-18.40202	-27.56854
6316187500.00000	-18.60269	-27.39288
6322431250.00000	-18.91117	-26.89439
6328675000.00000	-19.32598	-26.22809
6334918750.00000	-19.83557	-25.54841
6341162500.00000	-20.38678	-24.95848
6347406250.00000	-20.90442	-24.51845
6353650000.00000	-21.28392	-24.24687
6359893750.00000	-21.40610	-24.15093
6366137500.00000	-21.24329	-24.21699
6372381250.00000	-20.84594	-24.41688
6378625000.00000	-20.33189	-24.71426
6384868750.00000	-19.80547	-25.06286
6391112500.00000	-19.35160	-25.39096
6397356250.00000	-19.02134	-25.64375
6403600000.00000	-18.84980	-25.78341
6409843750.00000	-18.84435	-25.82032
6416087500.00000	-19.01887	-25.78288
6422331250.00000	-19.36695	-25.70932
6428575000.00000	-19.86876	-25.63096
6434818750.00000	-20.48584	-25.55521
6441062500.00000	-21.16471	-25.46446
6447306250.00000	-21.79443	-25.33708
6453550000.00000	-22.25441	-25.13548
6459793750.00000	-22.42579	-24.85041
6466037500.00000	-22.26619	-24.49384
6472281250.00000	-21.83714	-24.11868
6478525000.00000	-21.25089	-23.76500
6484768750.00000	-20.61655	-23.48808
6491012500.00000	-20.01011	-23.32734
6497256250.00000	-19.47377	-23.29850
6503500000.00000	-19.04212	-23.39983
6509743750.00000	-18.72115	-23.61977
6515987500.00000	-18.52953	-23.91740
6522231250.00000	-18.46896	-24.23936
6528475000.00000	-18.55660	-24.51263
6534718750.00000	-18.79632	-24.65640
6540962500.00000	-19.19196	-24.64696
6547206250.00000	-19.73169	-24.47853
6553450000.00000	-20.37743	-24.21230
6559693750.00000	-21.04930	-23.92047
6565937500.00000	-21.60412	-23.65925
6572181250.00000	-21.86258	-23.47105
6578425000.00000	-21.73907	-23.36807
6584668750.00000	-21.26761	-23.34538
6590912500.00000	-20.61156	-23.38366
6597156250.00000	-19.91631	-23.45458
6603400000.00000	-19.28774	-23.50806
6609643750.00000	-18.77908	-23.51087
6615887500.00000	-18.42175	-23.45937
6622131250.00000	-18.21987	-23.35499
6628375000.00000	-18.18893	-23.24461
6634618750.00000	-18.31774	-23.16338
6640862500.00000	-18.60895	-23.14989
6647106250.00000	-19.04299	-23.22249
6653350000.00000	-19.59458	-23.38835
6659593750.00000	-20.22434	-23.62926
6665837500.00000	-20.86309	-23.91473
6672081250.00000	-21.40670	-24.19992
6678325000.00000	-21.73360	-24.40855
6684568750.00000	-21.74685	-24.50108
6690812500.00000	-21.43000	-24.45668
6697056250.00000	-20.87499	-24.29356
6703300000.00000	-20.20120	-24.08922
6709543750.00000	-19.52179	-23.89676
6715787500.00000	-18.90792	-23.77433
6722031250.00000	-18.40956	-23.76608
6728275000.00000	-18.04668	-23.87522
6734518750.00000	-17.82944	-24.10769
6740762500.00000	-17.77153	-24.42628
6747006250.00000	-17.88087	-24.80874
6753250000.00000	-18.16327	-25.20514
6759493750.00000	-18.62287	-25.56637
6765737500.00000	-19.25226	-25.87368
6771981250.00000	-20.01964	-26.12950
6778225000.00000	-20.84551	-26.35536
6784468750.00000	-21.58694	-26.60539
6790712500.00000	-22.04486	-26.91196
6796956250.00000	-22.06037	-27.31666
6803200000.00000	-21.64149	-27.81322
6809443750.00000	-20.95646	-28.37551
6815687500.00000	-20.18873	-28.91693
6821931250.00000	-19.46846	-29.30759
6828175000.00000	-18.86210	-29.42118
6834418750.00000	-18.40101	-29.22947
6840662500.00000	-18.09785	-28.82420
6846906250.00000	-17.94508	-28.36225
6853150000.00000	-17.94223	-27.98074
6859393750.00000	-18.07283	-27.73956
6865637500.00000	-18.33057	-27.70240
6871881250.00000	-18.69848	-27.87612
6878125000.00000	-19.14997	-28.26910
6884368750.00000	-19.64569	-28.88713
6890612500.00000	-20.12724	-29.71021
6896856250.00000	-20.52319	-30.72532
6903100000.00000	-20.74950	-31.87446
6909343750.00000	-20.73475	-33.05942
6915587500.00000	-20.48658	-34.12275
6921831250.00000	-20.06041	-34.93315
6928075000.00000	-19.54972	-35.46036
6934318750.00000	-19.04019	-35.78294
6940562500.00000	-18.58745	-36.06379
6946806250.00000	-18.23867	-36.44501
6953050000.00000	-18.01214	-37.00336
6959293750.00000	-17.93051	-37.72050
6965537500.00000	-18.00035	-38.50079
6971781250.00000	-18.22409	-39.19528
6978025000.00000	-18.60149	-39.63413
6984268750.00000	-19.11406	-39.75321
6990512500.00000	-19.72217	-39.60174
6996756250.00000	-20.35502	-39.28290
7003000000.00000	-20.91275	-38.95916
7009243750.00000	-21.26355	-38.64711
7015487500.00000	-21.31814	-38.39666
7021731250.00000	-21.05954	-38.11188
7027975000.00000	-20.57804	-37.85916
7034218750.00000	-19.99243	-37.65488
7040462500.00000	-19.40337	-37.61586
7046706250.00000	-18.88005	-37.75882
7052950000.00000	-18.45144	-38.21799
7059193750.00000	-18.13632	-39.08479
7065437500.00000	-17.94143	-40.55199
7071681250.00000	-17.85883	-42.82276
7077925000.00000	-17.89368	-46.12025
7084168750.00000	-18.03387	-48.84117
7090412500.00000	-18.27432	-46.22462
7096656250.00000	-18.60651	-42.27862
7102900000.00000	-19.01265	-39.34420
7109143750.00000	-19.46125	-37.16351
7115387500.00000	-19.89732	-35.54447
7121631250.00000	-20.24997	-34.32620
7127875000.00000	-20.43609	-33.37857
7134118750.00000	-20.40046	-32.58815
7140362500.00000	-20.14649	-31.90571
7146606250.00000	-19.73965	-31.25144
7152850000.00000	-19.26191	-30.62643
7159093750.00000	-18.79305	-29.98984
7165337500.00000	-18.39489	-29.40765
7171581250.00000	-18.10225	-28.90647
7177825000.00000	-17.93465	-28.52440
7184068750.00000	-17.89966	-28.30343
7190312500.00000	-17.99852	-28.25537
7196556250.00000	-18.22492	-28.37402
7202800000.00000	-18.55519	-28.65737
7209043750.00000	-18.96311	-29.06062
7215287500.00000	-19.41014	-29.50272
7221531250.00000	-19.83414	-29.87062
7227775000.00000	-20.17164	-30.01987
7234018750.00000	-20.36056	-29.86748
7240262500.00000	-20.36781	-29.41072
7246506250.00000	-20.19725	-28.78910
7252750000.00000	-19.88788	-28.13041
7258993750.00000	-19.50661	-27.55045
7265237500.00000	-19.10906	-27.12365
7271481250.00000	-18.73447	-26.87603
7277725000.00000	-18.42334	-26.80673
7283968750.00000	-18.19182	-26.90593
7290212500.00000	-18.04630	-27.13859
7296456250.00000	-18.00612	-27.47223
7302700000.00000	-18.07747	-27.86316
7308943750.00000	-18.25465	-28.26242
7315187500.00000	-18.54259	-28.64581
7321431250.00000	-18.92718	-29.00695
7327675000.00000	-19.39287	-29.36582
7333918750.00000	-19.88454	-29.76928
7340162500.00000	-20.32994	-30.25295
7346406250.00000	-20.63698	-30.86438
7352650000.00000	-20.72161	-31.61382
7358893750.00000	-20.54835	-32.48021
7365137500.00000	-20.15932	-33.36254
7371381250.00000	-19.63909	-34.02613
7377625000.00000	-19.09453	-34.30541
7383868750.00000	-18.60284	-34.17995
7390112500.00000	-18.21802	-33.77324
7396356250.00000	-17.97180	-33.38970
7402600000.00000	-17.87043	-33.21978
7408843750.00000	-17.92258	-33.37993
7415087500.00000	-18.11048	-33.92630
7421331250.00000	-18.42446	-34.87535
7427575000.00000	-18.83557	-36.21950
7433818750.00000	-19.30938	-37.60978
7440062500.00000	-19.79730	-38.18611
7446306250.00000	-20.23999	-37.21259
7452550000.00000	-20.56977	-35.25952
7458793750.00000	-20.73301	-33.23548
7465037500.00000	-20.68902	-31.51180
7471281250.00000	-20.45766	-30.11234
7477525000.00000	-20.08855	-29.00413
7483768750.00000	-19.64572	-28.12844
7490012500.00000	-19.18674	-27.42910
7496256250.00000	-18.76520	-26.86650
7502500000.00000	-18.41996	-26.37978
7508743750.00000	-18.17537	-25.94431
7514987500.00000	-18.05059	-25.53251
7521231250.00000	-18.05611	-25.15383
7527475000.00000	-18.18541	-24.81802
7533718750.00000	-18.43806	-24.54931
7539962500.00000	-18.78180	-24.34731
7546206250.00000	-19.18034	-24.24962
7552450000.00000	-19.57404	-24.24069
7558693750.00000	-19.87792	-24.31770
7564937500.00000	-20.00537	-24.45548
7571181250.00000	-19.90538	-24.62881
7577425000.00000	-19.58320	-24.79391
7583668750.00000	-19.09675	-24.89702
7589912500.00000	-18.53766	-24.87980
7596156250.00000	-17.97882	-24.73466
7602400000.00000	-17.49005	-24.48334
7608643750.00000	-17.11702	-24.18299
7614887500.00000	-16.86129	-23.89092
7621131250.00000	-16.73515	-23.67516
7627375000.00000	-16.72430	-23.54533
7633618750.00000	-16.81007	-23.52156
7639862500.00000	-16.97298	-23.58683
7646106250.00000	-17.18703	-23.74035
7652350000.00000	-17.41928	-23.93165
7658593750.00000	-17.63124	-24.13186
7664837500.00000	-17.80326	-24.32141
7671081250.00000	-17.89717	-24.46237
7677325000.00000	-17.89392	-24.55754
7683568750.00000	-17.79670	-24.61785
7689812500.00000	-17.60426	-24.64123
7696056250.00000	-17.34496	-24.67981
7702300000.00000	-17.04320	-24.74617
7708543750.00000	-16.72798	-24.84595
7714787500.00000	-16.43800	-24.97786
7721031250.00000	-16.19732	-25.10743
7727275000.00000	-16.03442	-25.18856
7733518750.00000	-15.96692	-25.19127
7739762500.00000	-16.01264	-25.10008
7746006250.00000	-16.16708	-24.94637
7752250000.00000	-16.42157	-24.77459
7758493750.00000	-16.76142	-24.62220
7764737500.00000	-17.14461	-24.51564
7770981250.00000	-17.52290	-24.48310
7777225000.00000	-17.83892	-24.54663
7783468750.00000	-18.04094	-24.70504
7789712500.00000	-18.08404	-24.95079
7795956250.00000	-17.96324	-25.27536
7802200000.00000	-17.71013	-25.65986
7808443750.00000	-17.38200	-26.07557
7814687500.00000	-17.04056	-26.44812
7820931250.00000	-16.73766	-26.72611
7827175000.00000	-16.51310	-26.88236
7833418750.00000	-16.38757	-26.90601
7839662500.00000	-16.36965	-26.84882
7845906250.00000	-16.45821	-26.76265
7852150000.00000	-16.63871	-26.70166
7858393750.00000	-16.89733	-26.69668
7864637500.00000	-17.22204	-26.75460
7870881250.00000	-17.58411	-26.87335
7877125000.00000	-17.96547	-27.01936
7883368750.00000	-18.33664	-27.18260
7889612500.00000	-18.66045	-27.34288
7895856250.00000	-18.90675	-27.47836
7902100000.00000	-19.05519	-27.57851
7908343750.00000	-19.08584	-27.66113
7914587500.00000	-19.01050	-27.74240
7920831250.00000	-18.84933	-27.85871
7927075000.00000	-18.63837	-28.06444
7933318750.00000	-18.42225	-28.35190
7939562500.00000	-18.24022	-28.73490
7945806250.00000	-18.14350	-29.16467
7952050000.00000	-18.16567	-29.58602
7958293750.00000	-18.33261	-29.87143
7964537500.00000	-18.64639	-29.99838
7970781250.00000	-19.09350	-29.92402
7977025000.00000	-19.65458	-29.72260
7983268750.00000	-20.26698	-29.46869
7989512500.00000	-20.85930	-29.23851
7995756250.00000	-21.32508	-29.08346
8002000000.00000	-21.56586	-29.03194
8008243750.00000	-21.54136	-29.09935
8014487500.00000	-21.27488	-29.30629
8020731250.00000	-20.84930	-29.65667
8026975000.00000	-20.37381	-30.15777
8033218750.00000	-19.92600	-30.77937
8039462500.00000	-19.56270	-31.49495
8045706250.00000	-19.31008	-32.16972
8051950000.00000	-19.17834	-32.74120
8058193750.00000	-19.16797	-33.09002
8064437500.00000	-19.26412	-33.16959
8070681250.00000	-19.46032	-33.09514
8076925000.00000	-19.74024	-32.91706
8083168750.00000	-20.08878	-32.70945
8089412500.00000	-20.48153	-32.51948
8095656250.00000	-20.87843	-32.32914
8101900000.00000	-21.23346	-32.12127
8108143750.00000	-21.49529	-31.87939
8114387500.00000	-21.61670	-31.54390
8120631250.00000	-21.58170	-31.17526
8126875000.00000	-21.40188	-30.74930
8133118750.00000	-21.10569	-30.33020
8139362500.00000	-20.74143	-29.95632
8145606250.00000	-20.35745	-29.68095
8151850000.00000	-20.01391	-29.53449
8158093750.00000	-19.75624	-29.49239
8164337500.00000	-19.62838	-29.51097
8170581250.00000	-19.66121	-29.51795
8176825000.00000	-19.86606	-29.42084
8183068750.00000	-20.24076	-29.19945
8189312500.00000	-20.76284	-28.84785
8195556250.00000	-21.39238	-28.40204
8201800000.00000	-22.05389	-27.96980
8208043750.00000	-22.63762	-27.61640
8214287500.00000	-23.03430	-27.34360
8220531250.00000	-23.16072	-27.17145
8226775000.00000	-23.01155	-27.12019
8233018750.00000	-22.66705	-27.18052
8239262500.00000	-22.22780	-27.35307
8245506250.00000	-21.79163	-27.65438
8251750000.00000	-21.40831	-28.01952
8257993750.00000	-21.12464	-28.41075
8264237500.00000	-20.93922	-28.84009
8270481250.00000	-20.84544	-29.29595
8276725000.00000	-20.83960	-29.71726
8282968750.00000	-20.92483	-30.05688
8289212500.00000	-21.09730	-30.41241
8295456250.00000	-21.36545	-30.73318
8301700000.00000	-21.72956	-31.01605
8307943750.00000	-22.17201	-31.19283
8314187500.00000	-22.66130	-31.30894
8320431250.00000	-23.12425	-31.39610
8326675000.00000	-23.49175	-31.40602
8332918750.00000	-23.69509	-31.30897
8339162500.00000	-23.69243	-31.19318
8345406250.00000	-23.48698	-31.04691
8351650000.00000	-23.13834	-30.91644
8357893750.00000	-22.71145	-30.81650
8364137500.00000	-22.28010	-30.81382
8370381250.00000	-21.89760	-30.94780
8376625000.00000	-21.61489	-31.27314
8382868750.00000	-21.46779	-31.71927
8389112500.00000	-21.47932	-32.20377
8395356250.00000	-21.66087	-32.61756
8401600000.00000	-22.00807	-32.78866
8407843750.00000	-22.50226	-32.62356
8414087500.00000	-23.12187	-32.15263
8420331250.00000	-23.79537	-31.55829
8426575000.00000	-24.45379	-30.99795
8432818750.00000	-24.98468	-30.59387
8439062500.00000	-25.31988	-30.32980
8445306250.00000	-25.39437	-30.24399
8451550000.00000	-25.25628	-30.29858
8457793750.00000	-24.97720	-30.51402
8464037500.00000	-24.64012	-30.80429
8470281250.00000	-24.31766	-31.09875
8476525000.00000	-24.04415	-31.31835
8482768750.00000	-23.83157	-31.41325
8489012500.00000	-23.67426	-31.42523
8495256250.00000	-23.59223	-31.32468
8501500000.00000	-23.58944	-31.08461
8507743750.00000	-23.70507	-30.73020
8513987500.00000	-23.98490	-30.25489
8520231250.00000	-24.45411	-29.64910
8526475000.00000	-25.14392	-28.97640
8532718750.00000	-26.05186	-28.30007
8538962500.00000	-27.13920	-27.68629
8545206250.00000	-28.30622	-27.16914
8551450000.00000	-29.36612	-26.77918
8557693750.00000	-30.03855	-26.50021
8563937500.00000	-30.10479	-26.33406
8570181250.00000	-29.61797	-26.28419
8576425000.00000	-28.88804	-26.32597
8582668750.00000	-28.13655	-26.44345
8588912500.00000	-27.53575	-26.58625
8595156250.00000	-27.12978	-26.72460
8601400000.00000	-26.95512	-26.79667
8607643750.00000	-27.01386	-26.75617
8613887500.00000	-27.32137	-26.55871
8620131250.00000	-27.88251	-26.20489
8626375000.00000	-28.70287	-25.73730
8632618750.00000	-29.83700	-25.21272
8638862500.00000	-31.34515	-24.68283
8645106250.00000	-33.34848	-24.20484
8651350000.00000	-36.08764	-23.79376
8657593750.00000	-40.09921	-23.48107
8663837500.00000	-46.94182	-23.25131
8670081250.00000	-50.44825	-23.10702
8676325000.00000	-42.78893	-23.04190
8682568750.00000	-38.73761	-23.02630
8688812500.00000	-36.30069	-23.04675
8695056250.00000	-34.68984	-23.09434
8701300000.00000	-33.62404	-23.14842
8707543750.00000	-32.98455	-23.22224
8713787500.00000	-32.71496	-23.30241
8720031250.00000	-32.85277	-23.39105
8726275000.00000	-33.49529	-23.47062
8732518750.00000	-34.79851	-23.50443
8738762500.00000	-37.11066	-23.46882
8745006250.00000	-41.26211	-23.33427
8751250000.00000	-49.40185	-23.12882
8757493750.00000	-44.89527	-22.86977
8763737500.00000	-38.39626	-22.60161
8769981250.00000	-34.72333	-22.37041
8776225000.00000	-32.33831	-22.18732
8782468750.00000	-30.68706	-22.07977
8788712500.00000	-29.53366	-22.03990
8794956250.00000	-28.75473	-22.07596
8801200000.00000	-28.28531	-22.16818
8807443750.00000	-28.07986	-22.31845
8813687500.00000	-28.07956	-22.49757
8819931250.00000	-28.26487	-22.69228
8826175000.00000	-28.60737	-22.89002
8832418750.00000	-29.11842	-23.07144
8838662500.00000	-29.74950	-23.21439
8844906250.00000	-30.48192	-23.28209
8851150000.00000	-31.21926	-23.23819
8857393750.00000	-31.67012	-23.07431
8863637500.00000	-31.48565	-22.79770
8869881250.00000	-30.61152	-22.46643
8876125000.00000	-29.40039	-22.12172
8882368750.00000	-28.14781	-21.81335
8888612500.00000	-27.04714	-21.55931
8894856250.00000	-26.14165	-21.37324
8901100000.00000	-25.43893	-21.25120
8907343750.00000	-24.93734	-21.19796
8913587500.00000	-24.61596	-21.19279
8919831250.00000	-24.45378	-21.22719
8926075000.00000	-24.44540	-21.29893
8932318750.00000	-24.58129	-21.40477
8938562500.00000	-24.85701	-21.53166
8944806250.00000	-25.28603	-21.66797
8951050000.00000	-25.84231	-21.78622
8957293750.00000	-26.48294	-21.83524
8963537500.00000	-27.11901	-21.76960
8969781250.00000	-27.57038	-21.56425
8976025000.00000	-27.63723	-21.24666
8982268750.00000	-27.27574	-20.86178
8988512500.00000	-26.63746	-20.46490
8994756250.00000	-25.89743	-20.09148
9001000000.00000	-25.21167	-19.78092
9007243750.00000	-24.64437	-19.52880
9013487500.00000	-24.22038	-19.34920
9019731250.00000	-23.95782	-19.23609
9025975000.00000	-23.85315	-19.17825
9032218750.00000	-23.88900	-19.16032
9038462500.00000	-24.04717	-19.18007
9044706250.00000	-24.31975	-19.21801
9050950000.00000	-24.68100	-19.27920
9057193750.00000	-25.12642	-19.34448
9063437500.00000	-25.66163	-19.38971
9069681250.00000	-26.26659	-19.38219
9075925000.00000	-26.86524	-19.29552
9082168750.00000	-27.34013	-19.10676
9088412500.00000	-27.48639	-18.83719
9094656250.00000	-27.23881	-18.51936
9100900000.00000	-26.69845	-18.19453
9107143750.00000	-26.03701	-17.88969
9113387500.00000	-25.40680	-17.63110
9119631250.00000	-24.89086	-17.42367
9125875000.00000	-24.53397	-17.27230
9132118750.00000	-24.34492	-17.17247
9138362500.00000	-24.33458	-17.11402
9144606250.00000	-24.47921	-17.09733
9150850000.00000	-24.77763	-17.12184
9157093750.00000	-25.20996	-17.17766
9163337500.00000	-25.73615	-17.27481
9169581250.00000	-26.31481	-17.40198
9175825000.00000	-26.88263	-17.54554
9182068750.00000	-27.37344	-17.68175
9188312500.00000	-27.68135	-17.78622
9194556250.00000	-27.74391	-17.82836
9200800000.00000	-27.54376	-17.79783
9207043750.00000	-27.12450	-17.70678
9213287500.00000	-26.62180	-17.57007
9219531250.00000	-26.13456	-17.41449
9225775000.00000	-25.72573	-17.27375
9232018750.00000	-25.44977	-17.15687
9238262500.00000	-25.33012	-17.08021
9244506250.00000	-25.37895	-17.04823
9250750000.00000	-25.59686	-17.05943
9256993750.00000	-25.98937	-17.10880
9263237500.00000	-26.52024	-17.19104
9269481250.00000	-27.19331	-17.30072
9275725000.00000	-27.92613	-17.42460
9281968750.00000	-28.68004	-17.55822
9288212500.00000	-29.39761	-17.68294
9294456250.00000	-29.95294	-17.77409
9300700000.00000	-30.18287	-17.81140
9306943750.00000	-29.99018	-17.78132
9313187500.00000	-29.38464	-17.68557
9319431250.00000	-28.58171	-17.54345
9325675000.00000	-27.78627	-17.38200
9331918750.00000	-27.12431	-17.21970
9338162500.00000	-26.65272	-17.07737
9344406250.00000	-26.40320	-16.97377
9350650000.00000	-26.36810	-16.90787
9356893750.00000	-26.54695	-16.88450
9363137500.00000	-26.90180	-16.90855
9369381250.00000	-27.40104	-16.97317
9375625000.00000	-27.92879	-17.08048
9381868750.00000	-28.35351	-17.21579
9388112500.00000	-28.50654	-17.38014
9394356250.00000	-28.35943	-17.56499
9400600000.00000	-27.96379	-17.74864
9406843750.00000	-27.43712	-17.90723
9413087500.00000	-26.86956	-18.01644
9419331250.00000	-26.30543	-18.05525
9425575000.00000	-25.76928	-18.01544
9431818750.00000	-25.28181	-17.91087
9438062500.00000	-24.86824	-17.77088
9444306250.00000	-24.54624	-17.62455
9450550000.00000	-24.33345	-17.49086
9456793750.00000	-24.22733	-17.39787
9463037500.00000	-24.23327	-17.34992
9469281250.00000	-24.31906	-17.35231
9475525000.00000	-24.43970	-17.40797
9481768750.00000	-24.55402	-17.51026
9488012500.00000	-24.58094	-17.65346
9494256250.00000	-24.48540	-17.83302
9500500000.00000	-24.27395	-18.03711
9506743750.00000	-23.96533	-18.25504
9512987500.00000	-23.61005	-18.46526
9519231250.00000	-23.24829	-18.65029
9525475000.00000	-22.89807	-18.78177
9531718750.00000	-22.56185	-18.85642
9537962500.00000	-22.24742	-18.86582
9544206250.00000	-21.98131	-18.82334
9550450000.00000	-21.76947	-18.74843
9556693750.00000	-21.62478	-18.65708
9562937500.00000	-21.57971	-18.57265
9569181250.00000	-21.61276	-18.51245
9575425000.00000	-21.74115	-18.48480
9581668750.00000	-21.92875	-18.50341
9587912500.00000	-22.14524	-18.57171
9594156250.00000	-22.33933	-18.68495
9600400000.00000	-22.45132	-18.83102
9606643750.00000	-22.44348	-19.00393
9612887500.00000	-22.30565	-19.19084
9619131250.00000	-22.09087	-19.37540
9625375000.00000	-21.84426	-19.54326
9631618750.00000	-21.62129	-19.67188
9637862500.00000	-21.44504	-19.75765
9644106250.00000	-21.31802	-19.77797
9650350000.00000	-21.23476	-19.75465
9656593750.00000	-21.18879	-19.69288
9662837500.00000	-21.18256	-19.61607
9669081250.00000	-21.22474	-19.55200
9675325000.00000	-21.31999	-19.51817
9681568750.00000	-21.47887	-19.52045
9687812500.00000	-21.69492	-19.57798
9694056250.00000	-21.94603	-19.68986
9700300000.00000	-22.19781	-19.85369
9706543750.00000	-22.38685	-20.05341
9712787500.00000	-22.46774	-20.27745
9719031250.00000	-22.40455	-20.50114
9725275000.00000	-22.20260	-20.70647
9731518750.00000	-21.91318	-20.86163
9737762500.00000	-21.60570	-20.96421
9744006250.00000	-21.32928	-20.99185
9750250000.00000	-21.12134	-20.95208
9756493750.00000	-20.97726	-20.84492
9762737500.00000	-20.89544	-20.67947
9768981250.00000	-20.85442	-20.48223
9775225000.00000	-20.85298	-20.27497
9781468750.00000	-20.89115	-20.08493
9787712500.00000	-20.96497	-19.93469
9793956250.00000	-21.07272	-19.84401
9800200000.00000	-21.20139	-19.81323
9806443750.00000	-21.33572	-19.85462
9812687500.00000	-21.43983	-19.95663
9818931250.00000	-21.47674	-20.10805
9825175000.00000	-21.41173	-20.29095
9831418750.00000	-21.23805	-20.48823
9837662500.00000	-20.98488	-20.68377
9843906250.00000	-20.69788	-20.85267
9850150000.00000	-20.42678	-20.98902
9856393750.00000	-20.21637	-21.07913
9862637500.00000	-20.07449	-21.11112
9868881250.00000	-20.01291	-21.09261
9875125000.00000	-20.01221	-21.02623
9881368750.00000	-20.05918	-20.92613
9887612500.00000	-20.14178	-20.81864
9893856250.00000	-20.25931	-20.71732
9900100000.00000	-20.40923	-20.64880
9906343750.00000	-20.58653	-20.63173
9912587500.00000	-20.78317	-20.67487
9918831250.00000	-20.97219	-20.77592
9925075000.00000	-21.13063	-20.93223
9931318750.00000	-21.21448	-21.12441
9937562500.00000	-21.19502	-21.32898
9943806250.00000	-21.05387	-21.51148
9950050000.00000	-20.82221	-21.66200
9956293750.00000	-20.54354	-21.74999
9962537500.00000	-20.28022	-21.76860
9968781250.00000	-20.07165	-21.72137
9975025000.00000	-19.94514	-21.61216
9981268750.00000	-19.89928	-21.45204
9987512500.00000	-19.91862	-21.25605
9993756250.00000	-19.99044	-21.05001
10000000000.00000	-20.08801	-20.85736
