10000000.00000	-23.80378	-23.90818
22493750.00000	-39.98126	-41.36460
34987500.00000	-27.08772	-27.24674
47481250.00000	-33.00248	-33.01272
59975000.00000	-30.29617	-30.06089
72468750.00000	-29.39463	-30.92528
84962500.00000	-33.60582	-33.57244
97456250.00000	-28.20535	-29.31493
109950000.00000	-37.66693	-36.15128
122443750.00000	-30.18404	-30.58098
134937500.00000	-34.11211	-33.18748
147431250.00000	-29.45939	-28.81204
159925000.00000	-32.54559	-31.42921
172418750.00000	-31.69200	-29.45391
184912500.00000	-30.54587	-31.58251
197406250.00000	-33.57324	-31.62094
209900000.00000	-29.50199	-30.24762
222393750.00000	-36.85614	-32.89283
234887500.00000	-29.35729	-29.98439
247381250.00000	-39.05162	-32.38074
259875000.00000	-29.83526	-27.79054
272368750.00000	-33.39208	-34.70411
284862500.00000	-30.98608	-29.29145
297356250.00000	-30.94509	-32.73809
309850000.00000	-33.62372	-31.54082
322343750.00000	-28.95649	-28.39403
334837500.00000	-37.45189	-31.02062
347331250.00000	-27.42484	-28.13597
359825000.00000	-34.42158	-38.08722
372318750.00000	-28.06338	-28.22839
384812500.00000	-34.41416	-34.80065
397306250.00000	-31.19925	-28.22247
409800000.00000	-31.17584	-31.55596
422293750.00000	-32.52948	-28.93237
434787500.00000	-30.96724	-29.40639
447281250.00000	-43.97383	-35.59285
459775000.00000	-30.00889	-29.06292
472268750.00000	-40.24880	-37.16835
484762500.00000	-32.56191	-28.91994
497256250.00000	-33.60060	-34.48079
509750000.00000	-33.08724	-30.03172
522243750.00000	-27.39008	-32.50304
534737500.00000	-33.06126	-36.28640
547231250.00000	-30.82856	-28.78243
559725000.00000	-46.15495	-37.27801
572218750.00000	-31.61750	-28.94846
584712500.00000	-35.70897	-34.04963
597206250.00000	-31.63247	-30.53287
609700000.00000	-32.03931	-32.19577
622193750.00000	-34.51912	-32.95251
634687500.00000	-31.09483	-29.89578
647181250.00000	-37.67670	-31.74358
659675000.00000	-30.39774	-30.49227
672168750.00000	-42.50988	-37.05464
684662500.00000	-31.95333	-32.15632
697156250.00000	-38.64425	-35.02284
709650000.00000	-36.84650	-32.33018
722143750.00000	-33.59762	-34.60027
734637500.00000	-41.45150	-39.88115
747131250.00000	-31.31371	-32.43176
759625000.00000	-40.05148	-36.60617
772118750.00000	-34.54969	-31.85207
784612500.00000	-39.65421	-33.92704
797106250.00000	-37.85823	-31.45544
809600000.00000	-36.12761	-34.13810
822093750.00000	-38.59114	-30.98359
834587500.00000	-30.24333	-38.47359
847081250.00000	-42.95971	-38.65216
859575000.00000	-31.21188	-32.18316
872068750.00000	-43.26604	-31.62959
884562500.00000	-35.01897	-31.03564
897056250.00000	-38.47127	-34.05945
909550000.00000	-42.41477	-35.28191
922043750.00000	-37.60499	-37.21424
934537500.00000	-45.23618	-35.71870
947031250.00000	-37.02339	-33.65412
959525000.00000	-42.13149	-31.35993
972018750.00000	-37.99528	-35.59537
984512500.00000	-40.43041	-33.11403
997006250.00000	-38.67754	-33.22257
1009500000.00000	-36.16292	-32.10117
1021993750.00000	-40.64930	-32.52995
1034487500.00000	-42.33484	-31.38841
1046981250.00000	-47.42672	-48.82187
1059475000.00000	-38.53438	-37.68970
1071968750.00000	-49.68175	-37.69930
1084462500.00000	-44.99668	-33.75300
1096956250.00000	-37.75779	-32.53691
1109450000.00000	-40.53981	-40.68450
1121943750.00000	-31.28361	-41.61921
1134437500.00000	-39.43008	-32.86588
1146931250.00000	-41.59355	-36.35475
1159425000.00000	-39.22100	-36.00097
1171918750.00000	-36.76455	-51.63550
1184412500.00000	-45.51762	-37.76627
1196906250.00000	-48.17839	-37.72277
1209400000.00000	-45.92531	-38.80395
1221893750.00000	-42.18260	-32.16391
1234387500.00000	-38.91875	-37.67026
1246881250.00000	-55.79853	-33.35996
1259375000.00000	-42.90806	-37.50953
1271868750.00000	-41.48286	-34.33032
1284362500.00000	-42.53959	-41.12079
1296856250.00000	-35.95807	-31.92864
1309350000.00000	-37.89374	-39.20165
1321843750.00000	-41.30661	-41.04729
1334337500.00000	-45.51269	-33.45907
1346831250.00000	-35.73829	-36.37653
1359325000.00000	-37.31675	-28.18767
1371818750.00000	-38.14674	-33.91842
1384312500.00000	-46.03922	-28.14446
1396806250.00000	-36.07037	-28.43758
1409300000.00000	-33.61829	-31.58049
1421793750.00000	-34.87644	-32.50411
1434287500.00000	-37.80682	-33.26840
1446781250.00000	-40.82379	-31.21971
1459275000.00000	-36.86916	-36.49749
1471768750.00000	-44.12262	-30.85545
1484262500.00000	-37.53125	-50.21220
1496756250.00000	-36.50713	-32.09776
1509250000.00000	-32.48560	-32.46178
1521743750.00000	-36.29944	-31.26618
1534237500.00000	-40.21312	-32.15227
1546731250.00000	-50.47575	-32.06364
1559225000.00000	-35.82394	-29.91594
1571718750.00000	-32.42533	-34.64821
1584212500.00000	-37.65242	-34.03784
1596706250.00000	-36.27466	-44.40448
1609200000.00000	-33.61781	-33.75803
1621693750.00000	-34.98624	-32.82352
1634187500.00000	-33.05514	-30.87149
1646681250.00000	-37.70717	-36.90277
1659175000.00000	-32.00493	-38.73964
1671668750.00000	-38.26452	-27.40296
1684162500.00000	-37.82831	-35.42742
1696656250.00000	-35.55771	-28.17595
1709150000.00000	-33.44097	-36.72722
1721643750.00000	-37.20179	-27.56460
1734137500.00000	-35.93194	-44.73789
1746631250.00000	-32.25230	-32.14638
1759125000.00000	-36.29616	-28.12724
1771618750.00000	-30.95442	-34.23627
1784112500.00000	-33.75008	-28.81548
1796606250.00000	-36.07784	-38.39848
1809100000.00000	-32.83848	-24.37189
1821593750.00000	-36.67425	-35.57154
1834087500.00000	-28.95344	-26.06029
1846581250.00000	-38.64494	-37.00639
1859075000.00000	-33.96732	-28.32784
1871568750.00000	-33.16409	-28.51163
1884062500.00000	-32.91667	-32.39065
1896556250.00000	-28.35449	-30.77784
1909050000.00000	-30.17539	-37.16772
1921543750.00000	-27.84871	-27.54599
1934037500.00000	-32.22261	-34.17540
1946531250.00000	-30.68533	-27.42859
1959025000.00000	-35.94741	-36.92866
1971518750.00000	-31.55074	-30.31799
1984012500.00000	-30.05455	-35.13105
1996506250.00000	-29.63636	-39.41551
2009000000.00000	-27.93722	-30.36585
2021493750.00000	-29.32440	-37.12267
2033987500.00000	-29.19678	-26.45971
2046481250.00000	-31.46843	-35.46441
2058975000.00000	-29.23324	-29.26973
2071468750.00000	-29.01182	-31.97977
2083962500.00000	-31.57536	-31.74858
2096456250.00000	-31.36793	-29.99106
2108950000.00000	-33.88047	-35.70313
2121443750.00000	-30.88122	-30.54418
2133937500.00000	-38.39657	-42.06634
2146431250.00000	-33.55490	-31.65543
2158925000.00000	-35.36332	-31.12982
2171418750.00000	-35.79986	-30.16370
2183912500.00000	-32.15007	-30.17384
2196406250.00000	-34.34091	-38.15453
2208900000.00000	-35.62980	-28.51657
2221393750.00000	-40.06587	-43.44075
2233887500.00000	-33.85811	-33.92738
2246381250.00000	-35.36175	-30.14340
2258875000.00000	-34.87321	-26.35334
2271368750.00000	-39.91475	-27.91400
2283862500.00000	-43.32433	-29.95517
2296356250.00000	-34.50911	-28.77505
2308850000.00000	-37.33509	-29.66755
2321343750.00000	-32.79085	-26.29608
2333837500.00000	-39.08816	-30.27115
2346331250.00000	-30.43687	-26.61711
2358825000.00000	-34.61906	-47.07809
2371318750.00000	-36.20034	-34.72763
2383812500.00000	-32.99984	-34.19477
2396306250.00000	-34.33233	-43.30761
2408800000.00000	-30.37092	-27.40296
2421293750.00000	-33.93914	-30.53239
2433787500.00000	-37.47803	-30.73306
2446281250.00000	-59.73794	-36.00456
2458775000.00000	-46.22553	-33.72287
2471268750.00000	-40.29670	-29.86984
2483762500.00000	-42.19515	-28.30246
2496256250.00000	-30.67861	-27.65060
2508750000.00000	-30.54992	-28.88756
2521243750.00000	-37.75098	-28.72132
2533737500.00000	-37.76025	-35.87706
2546231250.00000	-42.74615	-30.06730
2558725000.00000	-36.83936	-35.00957
2571218750.00000	-37.88416	-30.19493
2583712500.00000	-33.92703	-37.20351
2596206250.00000	-38.41182	-28.82147
2608700000.00000	-35.80562	-33.58636
2621193750.00000	-38.94545	-42.62336
2633687500.00000	-37.75794	-32.89228
2646181250.00000	-36.88623	-32.92111
2658675000.00000	-32.18293	-33.86991
2671168750.00000	-34.57086	-37.40991
2683662500.00000	-31.68294	-32.87484
2696156250.00000	-33.16540	-35.17740
2708650000.00000	-31.54540	-35.76471
2721143750.00000	-43.41511	-39.09351
2733637500.00000	-45.11118	-39.59388
2746131250.00000	-33.84493	-40.44065
2758625000.00000	-39.08097	-36.28638
2771118750.00000	-32.80718	-31.36242
2783612500.00000	-31.82022	-44.59165
2796106250.00000	-27.42172	-35.05153
2808600000.00000	-29.93020	-32.06929
2821093750.00000	-32.97497	-35.15375
2833587500.00000	-29.47003	-35.63715
2846081250.00000	-39.68593	-42.95269
2858575000.00000	-34.45871	-36.41973
2871068750.00000	-36.64955	-38.08959
2883562500.00000	-33.87396	-38.87324
2896056250.00000	-33.20420	-41.46134
2908550000.00000	-29.92542	-43.21252
2921043750.00000	-28.76055	-38.84874
2933537500.00000	-26.98189	-33.84071
2946031250.00000	-29.35778	-30.31557
2958525000.00000	-30.86098	-34.61050
2971018750.00000	-35.18410	-41.12879
2983512500.00000	-31.41066	-47.38654
2996006250.00000	-30.78397	-37.79554
3008500000.00000	-30.72348	-34.28469
3020993750.00000	-31.44788	-32.51837
3033487500.00000	-32.25816	-38.06531
3045981250.00000	-34.96515	-34.80942
3058475000.00000	-31.77853	-41.57345
3070968750.00000	-33.01725	-33.42826
3083462500.00000	-32.15433	-40.10269
3095956250.00000	-33.94809	-37.13385
3108450000.00000	-31.80366	-49.98744
3120943750.00000	-37.25122	-39.68644
3133437500.00000	-34.52081	-36.92483
3145931250.00000	-29.66141	-31.22976
3158425000.00000	-32.44943	-41.00927
3170918750.00000	-35.50824	-33.21789
3183412500.00000	-35.82582	-42.41886
3195906250.00000	-33.86823	-29.74184
3208400000.00000	-32.71531	-37.61217
3220893750.00000	-32.87983	-34.85690
3233387500.00000	-29.42784	-40.48400
3245881250.00000	-32.62488	-34.01341
3258375000.00000	-30.50284	-39.61103
3270868750.00000	-32.05563	-34.74392
3283362500.00000	-29.13680	-34.59999
3295856250.00000	-29.78042	-38.64591
3308350000.00000	-28.74364	-31.13357
3320843750.00000	-29.84849	-37.98246
3333337500.00000	-34.24423	-32.08968
3345831250.00000	-31.07951	-36.98095
3358325000.00000	-40.03921	-32.96804
3370818750.00000	-30.86895	-35.24571
3383312500.00000	-34.18687	-38.98376
3395806250.00000	-30.49192	-30.14187
3408300000.00000	-34.75418	-35.30839
3420793750.00000	-34.55048	-28.89962
3433287500.00000	-30.42408	-40.67467
3445781250.00000	-44.95405	-30.45229
3458275000.00000	-34.23095	-33.48315
3470768750.00000	-30.26437	-31.11359
3483262500.00000	-28.72768	-32.14597
3495756250.00000	-27.39891	-52.86738
3508250000.00000	-30.78659	-29.13810
3520743750.00000	-28.59457	-32.65019
3533237500.00000	-37.16699	-28.52536
3545731250.00000	-28.85269	-29.74993
3558225000.00000	-30.60445	-28.49599
3570718750.00000	-29.18900	-27.69451
3583212500.00000	-32.05702	-29.66249
3595706250.00000	-34.04452	-27.95396
3608200000.00000	-28.79447	-33.49970
3620693750.00000	-29.66678	-27.74320
3633187500.00000	-25.14948	-37.13384
3645681250.00000	-34.21294	-33.84944
3658175000.00000	-31.75292	-29.88861
3670668750.00000	-30.28217	-35.48783
3683162500.00000	-32.08958	-26.39888
3695656250.00000	-30.99424	-34.71734
3708150000.00000	-37.72349	-25.57544
3720643750.00000	-31.18170	-40.37762
3733137500.00000	-32.81547	-28.66181
3745631250.00000	-27.21240	-28.97787
3758125000.00000	-29.38388	-26.95683
3770618750.00000	-29.95939	-28.30560
3783112500.00000	-29.59944	-30.02133
3795606250.00000	-31.62417	-28.93424
3808100000.00000	-28.31575	-40.32883
3820593750.00000	-36.32238	-24.95732
3833087500.00000	-29.52747	-29.80186
3845581250.00000	-26.33397	-25.75901
3858075000.00000	-28.83693	-29.26070
3870568750.00000	-26.50715	-33.80163
3883062500.00000	-31.26030	-26.69576
3895556250.00000	-27.85540	-41.71566
3908050000.00000	-32.56227	-24.59316
3920543750.00000	-28.65159	-30.43238
3933037500.00000	-30.02083	-25.76335
3945531250.00000	-30.19085	-27.20225
3958025000.00000	-27.38323	-28.47873
3970518750.00000	-30.05532	-23.53116
3983012500.00000	-22.75453	-26.83378
3995506250.00000	-27.49850	-22.88239
4008000000.00000	-24.58047	-28.83548
4020493750.00000	-25.94604	-23.21758
4032987500.00000	-25.84516	-31.60755
4045481250.00000	-24.75247	-27.14432
4057975000.00000	-24.70432	-23.60411
4070468750.00000	-22.39851	-24.74376
4082962500.00000	-25.10883	-22.10708
4095456250.00000	-23.15947	-27.51344
4107950000.00000	-24.51531	-21.72277
4120443750.00000	-23.53349	-26.04641
4132937500.00000	-22.15621	-22.40917
4145431250.00000	-25.06020	-22.33588
4157925000.00000	-23.99201	-23.21564
4170418750.00000	-27.65094	-21.45342
4182912500.00000	-23.80120	-25.67818
4195406250.00000	-24.73892	-23.08095
4207900000.00000	-23.86648	-32.75600
4220393750.00000	-23.65074	-24.56343
4232887500.00000	-25.90540	-22.10037
4245381250.00000	-27.02896	-22.40114
4257875000.00000	-28.50083	-21.57243
4270368750.00000	-23.16026	-25.88550
4282862500.00000	-24.99362	-19.63103
4295356250.00000	-22.64929	-23.52714
4307850000.00000	-22.69276	-19.46467
4320343750.00000	-24.56174	-23.00581
4332837500.00000	-23.91971	-21.03748
4345331250.00000	-24.02369	-24.26911
4357825000.00000	-22.49660	-24.99634
4370318750.00000	-25.71670	-21.92874
4382812500.00000	-23.57887	-25.85758
4395306250.00000	-24.90888	-21.09585
4407800000.00000	-26.70093	-24.70429
4420293750.00000	-24.00509	-21.99904
4432787500.00000	-26.13264	-21.13843
4445281250.00000	-25.03413	-21.36059
4457775000.00000	-27.97329	-18.67717
4470268750.00000	-25.19244	-21.29505
4482762500.00000	-26.91063	-19.18628
4495256250.00000	-27.05363	-23.08779
4507750000.00000	-26.15947	-20.11898
4520243750.00000	-27.60570	-21.80509
4532737500.00000	-24.21292	-21.83719
4545231250.00000	-26.70113	-20.92087
4557725000.00000	-23.49458	-23.36158
4570218750.00000	-26.97648	-20.34162
4582712500.00000	-26.87062	-25.33466
4595206250.00000	-25.74688	-21.03996
4607700000.00000	-26.49076	-23.37619
4620193750.00000	-23.63223	-22.85852
4632687500.00000	-27.06707	-21.04878
4645181250.00000	-24.26209	-22.41961
4657675000.00000	-27.14997	-21.31437
4670168750.00000	-26.55006	-24.26688
4682662500.00000	-26.94370	-19.90841
4695156250.00000	-27.50901	-21.46070
4707650000.00000	-28.91427	-19.78142
4720143750.00000	-31.27929	-22.28584
4732637500.00000	-26.43402	-21.93707
4745131250.00000	-30.60102	-19.66134
4757625000.00000	-25.45722	-21.72633
4770118750.00000	-31.28811	-18.62129
4782612500.00000	-28.36780	-22.03734
4795106250.00000	-27.70067	-19.74388
4807600000.00000	-26.43544	-20.46726
4820093750.00000	-25.52745	-20.09587
4832587500.00000	-31.76448	-17.73476
4845081250.00000	-29.38997	-19.77654
4857575000.00000	-28.29762	-17.77508
4870068750.00000	-25.89143	-19.60942
4882562500.00000	-26.98472	-17.84778
4895056250.00000	-27.46466	-20.03431
4907550000.00000	-26.13807	-18.15590
4920043750.00000	-30.74421	-19.32755
4932537500.00000	-26.92365	-21.21784
4945031250.00000	-33.62797	-18.93841
4957525000.00000	-25.70619	-21.61304
4970018750.00000	-28.86439	-19.41500
4982512500.00000	-25.52029	-22.71623
4995006250.00000	-26.98226	-20.34898
5007500000.00000	-26.92413	-20.05718
5019993750.00000	-25.02219	-20.34077
5032487500.00000	-30.31346	-18.64529
5044981250.00000	-23.92637	-20.34024
5057475000.00000	-29.14795	-17.85782
5069968750.00000	-23.58967	-20.93396
5082462500.00000	-25.75077	-18.38433
5094956250.00000	-25.46486	-21.28178
5107450000.00000	-23.86731	-20.69364
5119943750.00000	-28.73240	-19.69045
5132437500.00000	-23.72453	-21.28149
5144931250.00000	-28.78804	-18.30993
5157425000.00000	-24.76817	-21.04557
5169918750.00000	-26.84533	-17.64574
5182412500.00000	-24.61935	-19.85431
5194906250.00000	-27.70739	-18.04682
5207400000.00000	-29.40799	-18.08319
5219893750.00000	-24.93782	-18.48568
5232387500.00000	-30.14105	-17.85422
5244881250.00000	-23.71390	-19.75606
5257375000.00000	-25.10670	-17.26391
5269868750.00000	-22.84563	-19.92848
5282362500.00000	-23.74182	-17.07386
5294856250.00000	-23.56438	-18.24768
5307350000.00000	-23.35999	-17.54148
5319843750.00000	-25.11146	-18.23177
5332337500.00000	-22.23484	-20.11404
5344831250.00000	-26.73979	-17.84328
5357325000.00000	-21.81621	-19.83215
5369818750.00000	-22.99966	-18.02117
5382312500.00000	-21.62311	-20.30514
5394806250.00000	-22.83114	-18.82614
5407300000.00000	-24.65840	-18.74665
5419793750.00000	-21.88243	-19.11826
5432287500.00000	-25.11702	-17.37519
5444781250.00000	-22.22793	-18.69759
5457275000.00000	-25.24011	-16.95518
5469768750.00000	-22.86633	-19.88794
5482262500.00000	-23.34560	-17.42439
5494756250.00000	-24.27783	-18.44425
5507250000.00000	-21.05088	-18.30640
5519743750.00000	-23.53739	-17.73827
5532237500.00000	-20.67581	-18.16074
5544731250.00000	-21.96057	-16.48198
5557225000.00000	-20.04018	-18.85960
5569718750.00000	-21.83796	-16.57973
5582212500.00000	-22.17097	-17.75425
5594706250.00000	-19.98079	-17.38352
5607200000.00000	-22.16943	-17.35501
5619693750.00000	-20.04053	-18.21132
5632187500.00000	-22.26476	-16.90747
5644681250.00000	-20.32322	-18.69695
5657175000.00000	-20.64469	-16.51017
5669668750.00000	-21.21052	-17.81549
5682162500.00000	-20.13310	-16.99628
5694656250.00000	-22.35991	-17.53495
5707150000.00000	-20.21570	-17.66498
5719643750.00000	-22.68047	-16.04764
5732137500.00000	-20.51195	-17.62747
5744631250.00000	-21.25993	-16.20900
5757125000.00000	-21.02683	-18.32219
5769618750.00000	-20.78608	-17.01440
5782112500.00000	-21.83596	-17.69116
5794606250.00000	-18.92333	-16.79261
5807100000.00000	-20.59615	-15.79486
5819593750.00000	-19.57284	-17.42811
5832087500.00000	-20.33099	-16.66351
5844581250.00000	-19.44141	-18.58864
5857075000.00000	-19.10806	-17.14497
5869568750.00000	-20.01716	-17.79484
5882062500.00000	-18.16397	-16.63786
5894556250.00000	-20.67697	-16.35808
5907050000.00000	-18.63287	-17.04990
5919543750.00000	-20.02771	-16.12390
5932037500.00000	-19.37927	-17.34659
5944531250.00000	-19.23864	-16.13802
5957025000.00000	-19.16875	-17.12535
5969518750.00000	-18.22168	-17.00853
5982012500.00000	-20.64122	-17.47311
5994506250.00000	-19.29725	-18.09006
6007000000.00000	-20.59254	-17.41108
6019493750.00000	-19.41708	-17.80883
6031987500.00000	-19.92819	-16.68157
6044481250.00000	-18.95539	-17.91606
6056975000.00000	-17.56259	-16.76859
6069468750.00000	-17.97895	-16.60303
6081962500.00000	-16.85617	-16.32698
6094456250.00000	-18.21531	-16.19318
6106950000.00000	-17.18696	-17.52720
6119443750.00000	-18.00356	-16.28484
6131937500.00000	-17.30486	-17.37780
6144431250.00000	-16.82288	-17.19123
6156925000.00000	-17.86306	-18.04321
6169418750.00000	-17.71025	-17.54248
6181912500.00000	-19.05824	-17.33115
6194406250.00000	-18.23173	-17.88393
6206900000.00000	-19.10916	-16.89034
6219393750.00000	-18.49550	-18.08781
6231887500.00000	-18.26388	-17.27573
6244381250.00000	-18.21679	-18.11322
6256875000.00000	-17.59097	-17.11376
6269368750.00000	-18.84071	-17.17626
6281862500.00000	-17.53192	-17.49472
6294356250.00000	-19.16826	-17.63070
6306850000.00000	-17.73353	-19.66808
6319343750.00000	-17.75002	-17.73262
6331837500.00000	-18.73542	-19.50971
6344331250.00000	-17.74025	-18.86715
6356825000.00000	-18.31185	-19.33884
6369318750.00000	-17.44937	-18.94358
6381812500.00000	-18.08810	-17.83046
6394306250.00000	-16.78011	-18.68395
6406800000.00000	-17.47876	-18.11577
6419293750.00000	-17.68078	-19.15633
6431787500.00000	-17.55408	-18.39505
6444281250.00000	-18.39081	-19.73313
6456775000.00000	-18.38509	-18.62501
6469268750.00000	-19.70981	-18.91174
6481762500.00000	-18.66867	-19.03836
6494256250.00000	-20.08390	-18.05263
6506750000.00000	-19.10342	-19.12030
6519243750.00000	-18.58188	-18.20167
6531737500.00000	-18.70597	-19.06253
6544231250.00000	-18.50303	-18.48972
6556725000.00000	-19.09110	-19.19348
6569218750.00000	-17.53104	-19.87803
6581712500.00000	-19.14651	-19.61789
6594206250.00000	-18.49182	-20.33674
6606700000.00000	-19.14327	-19.40152
6619193750.00000	-17.82800	-21.20679
6631687500.00000	-17.12117	-19.88884
6644181250.00000	-17.95614	-20.94570
6656675000.00000	-17.67317	-20.75243
6669168750.00000	-18.78360	-20.13977
6681662500.00000	-17.52590	-20.96272
6694156250.00000	-18.03106	-19.30324
6706650000.00000	-17.85393	-20.99452
6719143750.00000	-17.84470	-20.27398
6731637500.00000	-18.43569	-21.89529
6744131250.00000	-18.53075	-21.13252
6756625000.00000	-19.27268	-21.63023
6769118750.00000	-17.28279	-22.14026
6781612500.00000	-17.85877	-21.49752
6794106250.00000	-16.98820	-22.44278
6806600000.00000	-17.64960	-20.11299
6819093750.00000	-17.17628	-20.95712
6831587500.00000	-16.85443	-19.60994
6844081250.00000	-17.35373	-19.98200
6856575000.00000	-16.45441	-20.49712
6869068750.00000	-17.49126	-20.35507
6881562500.00000	-16.61233	-21.25433
6894056250.00000	-17.08371	-20.59584
6906550000.00000	-16.62324	-23.01837
6919043750.00000	-16.73874	-21.25878
6931537500.00000	-16.96787	-21.95673
6944031250.00000	-16.43763	-21.59673
6956525000.00000	-17.16932	-22.22642
6969018750.00000	-16.03848	-22.55991
6981512500.00000	-16.42307	-21.22624
6994006250.00000	-15.77176	-22.59545
7006500000.00000	-15.95425	-21.58299
7018993750.00000	-15.72753	-23.00714
7031487500.00000	-15.42407	-21.93663
7043981250.00000	-15.56815	-22.62259
7056475000.00000	-14.63403	-22.38422
7068968750.00000	-14.83791	-20.98798
7081462500.00000	-14.28582	-22.76422
7093956250.00000	-14.79377	-21.43997
7106450000.00000	-14.36028	-23.52519
7118943750.00000	-13.86262	-23.29571
7131437500.00000	-14.25446	-23.29960
7143931250.00000	-13.82778	-22.86705
7156425000.00000	-14.17018	-21.89172
7168918750.00000	-13.88272	-24.13187
7181412500.00000	-14.47302	-23.26427
7193906250.00000	-14.78444	-24.40113
7206400000.00000	-14.63733	-22.36154
7218893750.00000	-14.85524	-22.19819
7231387500.00000	-14.21438	-23.55465
7243881250.00000	-14.98429	-23.55704
7256375000.00000	-14.14535	-22.93947
7268868750.00000	-14.23470	-21.84579
7281362500.00000	-13.59025	-22.71542
7293856250.00000	-13.77382	-22.15833
7306350000.00000	-13.95625	-22.27684
7318843750.00000	-13.60733	-21.93230
7331337500.00000	-13.62807	-22.48314
7343831250.00000	-13.18712	-22.64669
7356325000.00000	-13.55357	-20.28338
7368818750.00000	-13.41182	-20.30527
7381312500.00000	-13.49547	-19.29951
7393806250.00000	-13.80350	-20.60187
7406300000.00000	-13.82638	-20.88548
7418793750.00000	-14.28775	-20.85067
7431287500.00000	-13.54721	-20.84039
7443781250.00000	-14.14021	-19.38941
7456275000.00000	-13.66664	-19.72989
7468768750.00000	-14.26635	-20.22177
7481262500.00000	-13.97999	-21.07429
7493756250.00000	-13.91957	-21.14712
7506250000.00000	-14.14687	-20.82966
7518743750.00000	-13.92529	-20.21118
7531237500.00000	-14.53200	-19.48273
7543731250.00000	-14.28095	-20.02339
7556225000.00000	-14.36930	-19.77906
7568718750.00000	-13.76826	-20.10295
7581212500.00000	-13.21323	-19.95825
7593706250.00000	-13.70162	-19.87473
7606200000.00000	-13.31440	-20.18874
7618693750.00000	-13.98724	-19.86777
7631187500.00000	-13.77049	-19.67936
7643681250.00000	-14.40294	-20.08338
7656175000.00000	-14.26503	-20.33113
7668668750.00000	-14.46721	-20.05036
7681162500.00000	-15.06361	-18.93670
7693656250.00000	-14.74213	-18.71631
7706150000.00000	-15.71761	-18.86674
7718643750.00000	-14.96919	-18.85477
7731137500.00000	-15.31716	-18.84731
7743631250.00000	-14.88062	-18.43132
7756125000.00000	-14.95661	-17.88842
7768618750.00000	-15.43106	-17.69245
7781112500.00000	-15.22174	-18.18059
7793606250.00000	-16.29021	-17.94448
7806100000.00000	-15.55940	-18.72229
7818593750.00000	-15.96047	-18.45359
7831087500.00000	-15.63014	-17.51544
7843581250.00000	-15.79887	-17.55289
7856075000.00000	-16.02395	-17.67919
7868568750.00000	-15.59805	-17.68908
7881062500.00000	-16.16637	-17.45337
7893556250.00000	-15.12572	-17.67031
7906050000.00000	-16.16575	-17.32859
7918543750.00000	-16.80569	-17.35390
7931037500.00000	-18.13560	-17.42683
7943531250.00000	-18.19997	-17.40834
7956025000.00000	-18.38278	-18.31707
7968518750.00000	-19.74371	-17.94758
7981012500.00000	-18.91265	-17.87735
7993506250.00000	-20.76312	-17.51550
8006000000.00000	-19.67496	-16.92843
8018493750.00000	-21.22607	-17.27625
8030987500.00000	-20.49907	-17.37818
8043481250.00000	-20.13056	-17.89113
8055975000.00000	-21.14619	-17.29960
8068468750.00000	-19.22600	-17.40636
8080962500.00000	-20.76750	-17.66512
8093456250.00000	-19.06390	-17.26420
8105950000.00000	-19.99721	-17.21619
8118443750.00000	-19.37790	-16.72009
8130937500.00000	-20.54668	-16.73881
8143431250.00000	-21.25747	-16.19179
8155925000.00000	-20.99991	-16.66893
8168418750.00000	-22.87424	-16.41145
8180912500.00000	-21.48097	-17.30556
8193406250.00000	-22.93860	-17.01141
8205900000.00000	-22.34172	-17.04360
8218393750.00000	-25.03085	-17.16043
8230887500.00000	-26.76912	-16.85538
8243381250.00000	-26.89192	-17.16855
8255875000.00000	-30.11481	-16.73997
8268368750.00000	-24.03270	-16.99020
8280862500.00000	-25.62719	-16.51726
8293356250.00000	-23.25713	-16.47329
8305850000.00000	-27.06542	-16.64592
8318343750.00000	-24.19939	-16.87891
8330837500.00000	-25.11142	-17.23756
8343331250.00000	-24.37096	-17.33009
8355825000.00000	-22.98508	-17.41348
8368318750.00000	-26.03325	-17.21154
8380812500.00000	-24.14567	-17.75488
8393306250.00000	-28.14787	-17.74376
8405800000.00000	-23.38546	-17.88653
8418293750.00000	-24.01213	-17.82622
8430787500.00000	-25.45691	-16.72064
8443281250.00000	-24.63780	-17.08454
8455775000.00000	-28.18319	-16.59663
8468268750.00000	-25.13281	-16.94785
8480762500.00000	-30.56148	-16.63008
8493256250.00000	-26.77222	-17.16300
8505750000.00000	-28.26689	-16.84802
8518243750.00000	-28.86771	-16.37429
8530737500.00000	-30.94373	-17.47004
8543231250.00000	-32.58348	-16.92502
8555725000.00000	-28.21697	-17.17456
8568218750.00000	-30.82305	-16.86522
8580712500.00000	-25.40544	-17.84657
8593206250.00000	-28.11382	-17.20040
8605700000.00000	-24.20904	-17.02431
8618193750.00000	-24.34504	-17.34848
8630687500.00000	-22.53721	-16.10070
8643181250.00000	-21.32057	-15.80277
8655675000.00000	-22.76849	-15.30175
8668168750.00000	-21.69924	-16.29873
8680662500.00000	-25.14251	-16.39169
8693156250.00000	-23.23625	-16.37605
8705650000.00000	-25.01906	-16.15240
8718143750.00000	-23.00049	-16.19340
8730637500.00000	-22.63155	-16.17927
8743131250.00000	-25.06284	-15.32600
8755625000.00000	-24.17410	-16.09509
8768118750.00000	-26.33712	-15.90540
8780612500.00000	-21.84004	-16.47034
8793106250.00000	-22.49754	-15.75088
8805600000.00000	-20.18958	-15.57777
8818093750.00000	-20.76523	-15.32539
8830587500.00000	-19.98480	-15.00538
8843081250.00000	-19.26396	-15.63412
8855575000.00000	-20.37256	-14.82199
8868068750.00000	-17.93087	-15.16408
8880562500.00000	-18.78745	-14.39832
8893056250.00000	-17.64701	-14.92598
8905550000.00000	-18.60444	-14.75246
8918043750.00000	-18.02384	-15.29181
8930537500.00000	-17.95993	-15.39771
8943031250.00000	-18.32737	-14.90203
8955525000.00000	-17.09112	-14.86979
8968018750.00000	-18.34248	-14.21380
8980512500.00000	-16.97228	-15.08307
8993006250.00000	-18.85799	-15.00216
9005500000.00000	-17.95477	-15.05622
9017993750.00000	-17.06865	-14.64468
9030487500.00000	-17.53127	-14.06942
9042981250.00000	-17.03280	-14.08981
9055475000.00000	-17.69912	-13.45063
9067968750.00000	-15.79050	-14.01490
9080462500.00000	-15.76376	-13.69278
9092956250.00000	-15.03910	-13.48979
9105450000.00000	-15.26468	-13.33960
9117943750.00000	-14.99145	-13.51706
9130437500.00000	-14.02539	-13.71483
9142931250.00000	-14.72364	-13.59661
9155425000.00000	-14.19044	-14.19646
9167918750.00000	-14.87546	-13.76043
9180412500.00000	-14.24358	-13.59117
9192906250.00000	-15.01713	-13.20007
9205400000.00000	-15.52940	-13.48850
9217893750.00000	-15.19061	-14.03569
9230387500.00000	-15.69678	-13.45721
9242881250.00000	-14.60597	-13.58640
9255375000.00000	-15.61260	-13.33983
9267868750.00000	-15.10582	-14.07509
9280362500.00000	-15.78277	-14.25144
9292856250.00000	-15.42043	-14.53709
9305350000.00000	-15.31545	-14.45725
9317843750.00000	-15.25988	-14.25529
9330337500.00000	-14.09419	-14.39433
9342831250.00000	-14.86215	-14.05222
9355325000.00000	-13.98268	-14.94888
9367818750.00000	-14.48374	-14.76896
9380312500.00000	-13.91035	-14.33788
9392806250.00000	-14.20302	-14.14840
9405300000.00000	-13.88244	-14.16663
9417793750.00000	-13.36346	-14.33906
9430287500.00000	-14.49035	-14.52663
9442781250.00000	-14.31101	-15.58595
9455275000.00000	-14.97340	-14.83697
9467768750.00000	-14.00271	-14.84848
9480262500.00000	-13.94095	-14.33576
9492756250.00000	-14.23863	-14.26495
9505250000.00000	-14.32836	-14.71190
9517743750.00000	-15.20179	-14.97127
9530237500.00000	-14.68589	-15.33262
9542731250.00000	-15.38269	-14.93006
9555225000.00000	-14.67967	-15.25697
9567718750.00000	-15.15314	-14.91974
9580212500.00000	-15.03298	-15.52627
9592706250.00000	-14.89186	-15.91207
9605200000.00000	-15.32656	-16.52595
9617693750.00000	-14.97789	-16.81595
9630187500.00000	-15.19572	-16.10518
9642681250.00000	-14.24779	-16.94289
9655175000.00000	-15.18089	-17.18686
9667668750.00000	-14.72552	-17.55473
9680162500.00000	-14.46776	-17.21291
9692656250.00000	-14.90174	-17.72750
9705150000.00000	-15.04811	-17.85585
9717643750.00000	-15.46097	-17.23926
9730137500.00000	-15.53792	-17.95356
9742631250.00000	-16.95559	-17.19285
9755125000.00000	-17.07306	-17.62774
9767618750.00000	-17.23262	-16.77157
9780112500.00000	-17.27504	-18.19475
9792606250.00000	-17.63519	-18.83417
9805100000.00000	-19.05475	-19.62578
9817593750.00000	-19.18804	-20.75761
9830087500.00000	-20.78545	-20.72782
9842581250.00000	-20.30099	-21.53258
9855075000.00000	-20.75498	-20.51542
9867568750.00000	-19.59005	-21.44839
9880062500.00000	-19.74725	-20.75956
9892556250.00000	-19.95545	-21.57711
9905050000.00000	-18.89732	-21.31831
9917543750.00000	-19.35212	-20.95641
9930037500.00000	-18.12302	-22.19910
9942531250.00000	-19.59274	-21.47101
9955025000.00000	-19.40374	-22.28267
9967518750.00000	-19.43464	-22.06561
9980012500.00000	-19.32066	-23.92969
9992506250.00000	-19.82553	-23.02924
10005000000.00000	-20.95882	-22.11927
10017493750.00000	-20.91554	-22.96068
10029987500.00000	-23.83025	-23.04815
10042481250.00000	-22.83487	-24.57611
10054975000.00000	-24.61045	-22.88206
10067468750.00000	-23.84935	-23.62508
10079962500.00000	-24.60314	-21.87813
10092456250.00000	-24.83442	-23.69278
10104950000.00000	-26.88233	-23.02870
10117443750.00000	-28.80375	-23.66722
10129937500.00000	-25.91232	-23.68795
10142431250.00000	-27.26679	-21.96869
10154925000.00000	-23.60344	-22.35862
10167418750.00000	-25.07184	-21.08349
10179912500.00000	-25.34604	-22.85292
10192406250.00000	-30.75223	-22.14353
10204900000.00000	-27.77711	-22.47731
10217393750.00000	-26.05384	-20.69318
10229887500.00000	-28.65295	-20.92743
10242381250.00000	-30.36123	-21.87195
10254875000.00000	-34.13235	-21.81244
10267368750.00000	-28.91010	-22.90810
10279862500.00000	-28.22107	-20.81296
10292356250.00000	-25.55266	-22.03800
10304850000.00000	-27.57318	-20.71450
10317343750.00000	-26.00769	-20.82014
10329837500.00000	-25.51002	-21.18077
10342331250.00000	-23.26447	-20.08530
10354825000.00000	-21.01325	-20.70690
10367318750.00000	-21.65407	-19.20983
10379812500.00000	-20.70691	-20.73042
10392306250.00000	-21.67506	-20.52418
10404800000.00000	-20.60181	-21.44124
10417293750.00000	-20.17489	-20.46521
10429787500.00000	-19.95513	-20.48074
10442281250.00000	-19.38968	-19.86307
10454775000.00000	-20.43249	-18.87708
10467268750.00000	-19.76998	-20.29118
10479762500.00000	-21.96530	-19.36639
10492256250.00000	-21.43321	-20.54954
10504750000.00000	-22.13000	-19.79522
10517243750.00000	-20.76547	-19.42047
10529737500.00000	-20.59005	-19.96349
10542231250.00000	-20.21747	-18.95224
10554725000.00000	-19.38784	-20.20935
10567218750.00000	-19.43067	-20.10471
10579712500.00000	-18.74237	-20.85416
10592206250.00000	-19.66221	-19.65756
10604700000.00000	-19.08492	-20.46647
10617193750.00000	-18.35179	-20.80730
10629687500.00000	-18.10452	-21.57585
10642181250.00000	-18.79811	-22.65309
10654675000.00000	-19.29168	-21.58240
10667168750.00000	-18.25891	-23.16195
10679662500.00000	-18.76561	-22.77889
10692156250.00000	-18.61765	-23.56812
10704650000.00000	-19.82780	-22.92907
10717143750.00000	-21.26642	-21.57225
10729637500.00000	-22.20561	-22.59026
10742131250.00000	-22.26118	-21.86121
10754625000.00000	-22.01521	-23.62643
10767118750.00000	-22.67950	-23.71791
10779612500.00000	-21.99749	-26.90473
10792106250.00000	-22.69415	-27.04959
10804600000.00000	-21.64047	-30.46546
10817093750.00000	-22.14211	-35.03400
10829587500.00000	-22.45459	-32.38513
10842081250.00000	-22.69698	-34.94883
10854575000.00000	-21.91420	-32.18721
10867068750.00000	-21.59684	-34.34468
10879562500.00000	-20.53646	-33.80372
10892056250.00000	-19.52142	-31.87422
10904550000.00000	-20.36118	-36.28099
10917043750.00000	-21.00218	-30.71215
10929537500.00000	-22.63916	-36.67846
10942031250.00000	-22.92766	-35.50617
10954525000.00000	-23.23713	-48.61145
10967018750.00000	-24.67709	-38.09922
10979512500.00000	-25.78759	-35.85835
10992006250.00000	-28.64936	-33.50915
11004500000.00000	-29.27921	-32.53165
11016993750.00000	-32.43548	-28.73432
11029487500.00000	-32.22259	-30.80121
11041981250.00000	-33.57011	-28.50811
11054475000.00000	-35.02673	-31.20502
11066968750.00000	-40.39273	-27.71904
11079462500.00000	-41.50321	-27.97664
11091956250.00000	-48.30535	-27.55847
11104450000.00000	-45.68887	-27.81968
11116943750.00000	-32.84728	-28.66930
11129437500.00000	-35.84376	-25.59904
11141931250.00000	-36.04835	-26.44563
11154425000.00000	-39.42990	-23.74205
11166918750.00000	-36.33647	-24.73249
11179412500.00000	-36.88064	-23.29220
11191906250.00000	-32.82085	-23.17647
11204400000.00000	-31.66119	-22.57779
11216893750.00000	-28.47474	-22.26869
11229387500.00000	-26.72423	-22.31602
11241881250.00000	-23.75750	-20.47590
11254375000.00000	-24.55807	-21.28183
11266868750.00000	-22.98599	-20.35406
11279362500.00000	-21.59208	-20.43283
11291856250.00000	-21.79012	-19.41239
11304350000.00000	-20.52832	-19.00764
11316843750.00000	-20.31148	-19.87379
11329337500.00000	-19.96908	-19.08835
11341831250.00000	-20.74833	-19.47626
11354325000.00000	-20.40552	-18.17770
11366818750.00000	-19.88546	-18.77434
11379312500.00000	-19.82497	-19.45943
11391806250.00000	-19.77578	-19.92118
11404300000.00000	-20.12576	-20.04716
11416793750.00000	-19.08277	-19.55603
11429287500.00000	-19.27386	-19.80774
11441781250.00000	-18.41125	-18.62862
11454275000.00000	-18.15087	-19.26543
11466768750.00000	-17.97838	-18.90741
11479262500.00000	-17.51050	-18.09816
11491756250.00000	-17.10994	-18.26234
11504250000.00000	-16.09940	-18.21402
11516743750.00000	-15.88434	-18.68029
11529237500.00000	-14.96347	-17.75985
11541731250.00000	-14.67442	-18.87749
11554225000.00000	-14.14085	-18.88553
11566718750.00000	-14.34204	-18.48127
11579212500.00000	-14.61398	-18.57946
11591706250.00000	-14.36811	-18.45501
11604200000.00000	-14.48339	-20.07329
11616693750.00000	-14.39807	-19.19562
11629187500.00000	-14.99250	-20.80517
11641681250.00000	-15.01687	-21.17378
11654175000.00000	-15.11200	-21.45397
11666668750.00000	-15.11723	-21.22866
11679162500.00000	-14.65567	-20.26446
11691656250.00000	-14.49732	-20.66320
11704150000.00000	-14.27026	-19.96765
11716643750.00000	-14.63093	-21.47878
11729137500.00000	-14.23028	-21.16265
11741631250.00000	-13.87580	-21.08650
11754125000.00000	-13.09610	-21.39789
11766618750.00000	-12.92348	-20.79454
11779112500.00000	-12.61077	-21.90634
11791606250.00000	-12.33280	-21.96843
11804100000.00000	-12.45439	-23.50017
11816593750.00000	-12.24398	-22.89200
11829087500.00000	-12.20060	-22.54554
11841581250.00000	-12.00446	-23.08761
11854075000.00000	-12.85151	-23.25162
11866568750.00000	-13.23132	-25.05790
11879062500.00000	-13.53831	-23.52397
11891556250.00000	-13.86542	-24.89435
11904050000.00000	-13.83052	-23.95514
11916543750.00000	-14.32333	-23.05027
11929037500.00000	-14.29120	-23.95051
11941531250.00000	-14.82321	-23.27373
11954025000.00000	-14.16560	-24.66652
11966518750.00000	-14.29365	-23.61391
11979012500.00000	-13.93829	-23.50268
11991506250.00000	-13.76382	-23.95663
12004000000.00000	-13.75752	-24.45204
12016493750.00000	-13.20215	-24.83671
12028987500.00000	-13.27629	-25.08393
12041481250.00000	-12.81858	-26.32533
12053975000.00000	-12.94757	-25.05756
12066468750.00000	-12.81944	-23.68715
12078962500.00000	-12.92235	-23.70654
12091456250.00000	-13.25273	-23.22312
12103950000.00000	-13.47619	-24.39033
12116443750.00000	-13.96787	-23.57683
12128937500.00000	-13.43869	-24.38943
12141431250.00000	-13.82142	-24.00662
12153925000.00000	-13.74965	-23.27287
12166418750.00000	-14.08794	-23.84382
12178912500.00000	-14.43572	-23.34903
12191406250.00000	-14.26849	-23.65605
12203900000.00000	-14.68201	-23.31915
12216393750.00000	-14.58996	-23.62431
12228887500.00000	-15.50463	-23.17376
12241381250.00000	-15.49620	-22.56381
12253875000.00000	-15.55036	-22.91943
12266368750.00000	-14.60733	-22.20580
12278862500.00000	-14.12147	-22.36223
12291356250.00000	-14.11606	-21.22077
12303850000.00000	-13.87173	-20.49962
12316343750.00000	-14.58649	-20.06924
12328837500.00000	-14.53242	-19.09632
12341331250.00000	-14.74391	-18.88040
12353825000.00000	-14.78435	-18.11823
12366318750.00000	-15.75290	-18.55521
12378812500.00000	-16.31599	-18.46776
12391306250.00000	-15.85910	-18.53440
12403800000.00000	-16.17924	-18.42684
12416293750.00000	-15.71257	-17.70743
12428787500.00000	-16.56440	-17.72084
12441281250.00000	-16.33390	-17.05449
12453775000.00000	-16.71855	-17.52133
12466268750.00000	-16.47240	-17.47030
12478762500.00000	-16.25252	-17.41520
12491256250.00000	-16.16850	-17.56243
12503750000.00000	-16.29237	-17.00526
12516243750.00000	-17.24513	-16.67823
12528737500.00000	-16.72064	-16.19732
12541231250.00000	-17.18738	-16.94819
12553725000.00000	-16.37023	-17.16472
12566218750.00000	-16.39960	-17.04597
12578712500.00000	-16.14516	-16.78367
12591206250.00000	-15.56532	-16.46056
12603700000.00000	-15.95934	-16.73232
12616193750.00000	-15.74436	-17.10319
12628687500.00000	-16.48890	-17.87882
12641181250.00000	-16.22059	-17.73581
12653675000.00000	-17.24197	-17.61172
12666168750.00000	-17.70982	-17.11896
12678662500.00000	-18.06182	-16.67464
12691156250.00000	-17.90504	-16.96561
12703650000.00000	-17.16276	-17.04669
12716143750.00000	-16.97740	-17.63045
12728637500.00000	-16.02489	-17.50625
12741131250.00000	-16.59761	-17.47683
12753625000.00000	-16.27973	-16.97167
12766118750.00000	-16.45622	-17.07389
12778612500.00000	-15.61326	-17.53193
12791106250.00000	-15.30274	-17.01794
12803600000.00000	-15.58455	-17.83612
12816093750.00000	-15.07200	-17.79903
12828587500.00000	-15.64583	-18.10865
12841081250.00000	-15.18047	-18.06440
12853575000.00000	-15.27151	-18.57302
12866068750.00000	-14.75085	-19.33022
12878562500.00000	-14.98328	-19.84860
12891056250.00000	-15.54149	-20.55396
12903550000.00000	-15.71729	-19.51758
12916043750.00000	-16.65498	-19.65337
12928537500.00000	-16.35974	-19.14468
12941031250.00000	-16.78065	-19.92540
12953525000.00000	-15.93378	-20.54123
12966018750.00000	-16.05054	-20.92775
12978512500.00000	-15.86301	-21.08846
12991006250.00000	-15.69194	-20.77334
13003500000.00000	-15.69757	-21.30553
13015993750.00000	-14.94474	-20.15379
13028487500.00000	-14.99733	-20.59203
13040981250.00000	-14.38157	-20.10729
13053475000.00000	-14.80532	-20.88537
13065968750.00000	-14.32859	-20.49183
13078462500.00000	-13.64396	-19.76498
13090956250.00000	-13.42608	-19.44859
13103450000.00000	-13.22467	-18.83313
13115943750.00000	-13.73340	-18.60597
13128437500.00000	-13.45120	-17.62285
13140931250.00000	-13.95250	-18.09959
13153425000.00000	-14.11600	-17.45948
13165918750.00000	-14.35391	-17.46565
13178412500.00000	-14.55141	-17.38772
13190906250.00000	-14.56381	-17.16530
13203400000.00000	-15.15885	-17.36731
13215893750.00000	-14.56648	-16.82773
13228387500.00000	-14.59968	-17.22852
13240881250.00000	-14.01560	-16.22505
13253375000.00000	-13.94588	-16.24480
13265868750.00000	-13.42297	-15.83634
13278362500.00000	-13.25024	-15.19496
13290856250.00000	-13.23676	-14.86411
13303350000.00000	-12.67388	-14.13061
13315843750.00000	-12.86410	-14.18283
13328337500.00000	-12.35857	-13.42795
13340831250.00000	-12.51699	-13.69304
13353325000.00000	-12.42880	-13.35027
13365818750.00000	-12.71051	-13.32695
13378312500.00000	-13.04537	-13.07235
13390806250.00000	-12.94199	-12.48248
13403300000.00000	-13.49034	-12.58284
13415793750.00000	-13.21146	-12.31959
13428287500.00000	-13.79167	-12.80061
13440781250.00000	-13.34872	-12.29992
13453275000.00000	-13.22045	-12.31307
13465768750.00000	-13.02421	-11.97269
13478262500.00000	-12.80649	-11.64487
13490756250.00000	-13.06477	-11.77034
13503250000.00000	-12.47157	-11.28278
13515743750.00000	-12.67896	-11.52699
13528237500.00000	-12.01459	-10.94588
13540731250.00000	-11.88242	-10.82635
13553225000.00000	-11.40866	-10.32598
13565718750.00000	-11.16248	-10.28762
13578212500.00000	-11.20351	-10.40138
13590706250.00000	-10.89981	-10.37193
13603200000.00000	-11.26947	-10.73477
13615693750.00000	-10.77616	-10.22573
13628187500.00000	-11.00422	-10.28416
13640681250.00000	-10.98832	-10.10850
13653175000.00000	-11.12637	-10.39550
13665668750.00000	-11.44026	-10.64302
13678162500.00000	-11.13505	-10.44218
13690656250.00000	-11.27290	-10.56388
13703150000.00000	-11.00847	-9.84447
13715643750.00000	-11.42016	-9.76883
13728137500.00000	-11.38058	-9.51459
13740631250.00000	-11.73369	-9.80069
13753125000.00000	-11.87804	-9.93318
13765618750.00000	-11.36029	-9.77256
13778112500.00000	-11.39166	-9.77023
13790606250.00000	-10.87251	-9.39385
13803100000.00000	-11.15288	-9.63478
13815593750.00000	-10.80636	-9.47916
13828087500.00000	-10.81677	-9.78271
13840581250.00000	-10.79788	-9.81096
13853075000.00000	-10.57069	-9.78387
13865568750.00000	-10.54602	-9.81364
13878062500.00000	-10.32657	-9.58606
13890556250.00000	-10.88747	-10.02531
13903050000.00000	-10.85920	-10.14271
13915543750.00000	-11.16740	-10.62781
13928037500.00000	-11.11218	-10.32058
13940531250.00000	-10.99622	-10.18987
13953025000.00000	-11.11034	-10.10161
13965518750.00000	-11.05015	-9.94652
13978012500.00000	-11.70000	-10.24448
13990506250.00000	-11.63721	-9.99190
14003000000.00000	-11.89334	-10.30754
14015493750.00000	-11.56717	-10.15818
14027987500.00000	-11.36895	-10.31042
14040481250.00000	-11.09130	-10.22434
14052975000.00000	-10.50159	-10.07875
14065468750.00000	-10.42981	-10.41198
14077962500.00000	-10.05521	-10.29325
14090456250.00000	-10.21159	-10.70071
14102950000.00000	-9.96802	-10.61568
14115443750.00000	-10.11603	-11.03044
14127937500.00000	-10.11293	-10.91517
14140431250.00000	-9.89818	-10.95913
14152925000.00000	-10.05616	-11.26536
14165418750.00000	-10.11060	-11.05876
14177912500.00000	-10.56848	-11.47911
14190406250.00000	-10.54477	-11.26460
14202900000.00000	-10.92619	-11.66519
14215393750.00000	-10.98099	-11.48826
14227887500.00000	-11.03490	-11.66930
14240381250.00000	-11.23237	-11.81664
14252875000.00000	-11.24675	-11.83113
14265368750.00000	-11.52881	-12.40873
14277862500.00000	-11.20807	-12.41480
14290356250.00000	-11.37690	-13.02715
14302850000.00000	-10.94104	-12.84433
14315343750.00000	-10.69435	-13.22622
14327837500.00000	-10.46174	-13.25280
14340331250.00000	-10.28242	-13.35366
14352825000.00000	-10.28367	-13.77780
14365318750.00000	-10.06011	-13.59132
14377812500.00000	-10.19843	-13.87516
14390306250.00000	-10.10114	-13.32158
14402800000.00000	-10.37381	-13.98606
14415293750.00000	-10.44251	-14.19082
14427787500.00000	-10.58198	-14.71924
14440281250.00000	-10.77243	-14.83370
14452775000.00000	-10.93747	-14.54582
14465268750.00000	-11.33036	-14.87879
14477762500.00000	-11.11301	-14.48626
14490256250.00000	-11.19035	-15.36562
14502750000.00000	-10.87283	-15.25264
14515243750.00000	-10.73413	-15.68166
14527737500.00000	-10.35667	-15.56549
14540231250.00000	-10.07081	-15.72481
14552725000.00000	-9.93928	-16.05510
14565218750.00000	-9.77212	-15.70557
14577712500.00000	-9.75084	-16.58870
14590206250.00000	-9.42368	-16.20428
14602700000.00000	-9.26800	-17.22021
14615193750.00000	-9.02365	-16.78225
14627687500.00000	-8.99662	-16.69094
14640181250.00000	-9.09077	-16.63391
14652675000.00000	-9.16193	-16.67320
14665168750.00000	-9.35543	-17.54701
14677662500.00000	-9.22378	-16.84646
14690156250.00000	-9.33182	-17.46408
14702650000.00000	-9.33054	-16.66551
14715143750.00000	-9.40646	-17.04423
14727637500.00000	-9.36759	-16.75237
14740131250.00000	-9.31406	-16.46703
14752625000.00000	-9.32902	-16.43865
14765118750.00000	-9.15436	-15.64312
14777612500.00000	-9.04247	-16.05237
14790106250.00000	-8.75304	-15.38855
14802600000.00000	-8.52201	-15.81946
14815093750.00000	-8.25107	-15.50492
14827587500.00000	-8.10293	-15.65639
14840081250.00000	-7.92062	-15.58229
14852575000.00000	-7.73125	-15.04134
14865068750.00000	-7.70616	-15.10159
14877562500.00000	-7.71872	-14.45425
14890056250.00000	-7.81367	-15.19569
14902550000.00000	-7.72188	-14.75281
14915043750.00000	-7.67804	-14.68701
14927537500.00000	-7.77229	-14.18602
14940031250.00000	-7.81818	-13.62768
14952525000.00000	-7.95808	-13.72234
14965018750.00000	-7.96583	-13.35609
14977512500.00000	-8.05770	-14.08055
14990006250.00000	-8.03418	-13.56959
15002500000.00000	-7.99603	-13.97934
15014993750.00000	-7.92648	-13.83357
15027487500.00000	-7.82574	-13.64484
15039981250.00000	-7.70776	-13.87193
15052475000.00000	-7.41992	-13.45219
15064968750.00000	-7.24132	-13.76416
15077462500.00000	-7.02766	-13.29179
15089956250.00000	-6.87221	-13.40823
15102450000.00000	-6.77314	-12.85681
15114943750.00000	-6.72262	-12.82367
15127437500.00000	-6.71477	-12.95659
15139931250.00000	-6.68714	-12.67692
15152425000.00000	-6.71147	-12.77951
15164918750.00000	-6.72683	-12.34816
15177412500.00000	-6.80171	-12.65439
15189906250.00000	-6.84431	-12.17509
15202400000.00000	-6.88457	-12.22195
15214893750.00000	-7.00790	-12.39652
15227387500.00000	-7.08632	-12.22296
15239881250.00000	-7.10000	-12.47495
15252375000.00000	-6.94172	-11.87473
15264868750.00000	-6.88563	-11.89112
15277362500.00000	-6.89686	-11.49044
15289856250.00000	-6.88631	-11.68915
15302350000.00000	-6.89553	-11.72321
15314843750.00000	-6.69213	-11.59776
15327337500.00000	-6.58741	-11.62582
15339831250.00000	-6.45155	-11.00060
15352325000.00000	-6.36182	-11.15601
15364818750.00000	-6.38855	-10.95053
15377312500.00000	-6.40804	-11.21268
15389806250.00000	-6.47773	-11.17030
15402300000.00000	-6.50014	-11.06330
15414793750.00000	-6.58592	-11.03970
15427287500.00000	-6.66300	-10.51104
15439781250.00000	-6.92381	-10.54098
15452275000.00000	-7.25761	-10.31689
15464768750.00000	-7.41337	-10.49902
15477262500.00000	-7.57228	-10.42273
15489756250.00000	-7.56891	-10.35384
15502250000.00000	-7.58169	-10.27322
15514743750.00000	-7.54911	-10.03758
15527237500.00000	-7.60454	-10.15628
15539731250.00000	-7.66328	-9.94436
15552225000.00000	-7.62196	-10.20138
15564718750.00000	-7.63655	-10.11056
15577212500.00000	-7.39063	-10.15354
15589706250.00000	-7.29724	-10.14182
15602200000.00000	-7.10344	-10.00235
15614693750.00000	-7.08447	-10.06621
15627187500.00000	-7.12086	-9.86424
15639681250.00000	-7.15409	-9.98430
15652175000.00000	-7.26064	-9.78248
15664668750.00000	-7.25500	-9.79017
15677162500.00000	-7.52937	-9.66767
15689656250.00000	-7.65628	-9.54570
15702150000.00000	-7.77515	-9.66659
15714643750.00000	-7.91019	-9.47429
15727137500.00000	-8.14167	-9.58854
15739631250.00000	-8.43885	-9.47258
15752125000.00000	-8.58741	-9.52566
15764618750.00000	-8.89241	-9.48742
15777112500.00000	-8.82434	-9.64690
15789606250.00000	-8.85274	-9.81416
15802100000.00000	-8.74012	-9.65243
15814593750.00000	-8.72909	-9.68541
15827087500.00000	-8.73272	-9.39161
15839581250.00000	-8.68772	-9.45333
15852075000.00000	-8.86125	-9.39484
15864568750.00000	-8.70982	-9.45871
15877062500.00000	-8.85650	-9.48221
15889556250.00000	-8.79108	-9.45240
15902050000.00000	-9.00853	-9.57008
15914543750.00000	-9.24400	-9.57773
15927037500.00000	-9.32807	-9.81553
15939531250.00000	-9.68995	-9.61320
15952025000.00000	-9.93919	-9.66132
15964518750.00000	-10.36458	-9.66944
15977012500.00000	-10.43461	-9.65830
15989506250.00000	-10.87700	-9.80709
16002000000.00000	-11.02446	-9.76749
16014493750.00000	-11.10859	-10.03974
16026987500.00000	-11.13568	-10.01700
16039481250.00000	-11.03196	-10.21761
16051975000.00000	-11.13795	-10.30079
16064468750.00000	-10.83111	-10.41108
16076962500.00000	-10.94467	-10.39915
16089456250.00000	-10.64819	-10.30478
16101950000.00000	-10.68751	-10.38409
16114443750.00000	-10.90712	-10.27736
16126937500.00000	-10.90939	-10.47958
16139431250.00000	-11.17726	-10.42795
16151925000.00000	-11.02995	-10.63837
16164418750.00000	-11.27582	-10.74274
16176912500.00000	-11.25556	-10.78010
16189406250.00000	-11.67912	-10.90271
16201900000.00000	-11.95857	-10.95304
16214393750.00000	-12.14358	-11.12079
16226887500.00000	-12.28349	-11.18314
16239381250.00000	-12.05887	-11.42165
16251875000.00000	-12.14234	-11.29273
16264368750.00000	-11.74761	-11.29300
16276862500.00000	-11.85586	-11.34411
16289356250.00000	-11.64051	-11.35128
16301850000.00000	-11.59355	-11.34592
16314343750.00000	-11.41441	-11.32786
16326837500.00000	-11.16508	-11.48956
16339331250.00000	-11.02670	-11.36903
16351825000.00000	-10.52237	-11.44111
16364318750.00000	-10.57814	-11.35242
16376812500.00000	-10.55573	-11.26395
16389306250.00000	-10.76257	-11.30495
16401800000.00000	-10.81451	-11.27390
16414293750.00000	-10.96655	-11.41699
16426787500.00000	-11.22363	-11.30868
16439281250.00000	-11.11793	-11.29378
16451775000.00000	-11.62915	-11.06628
16464268750.00000	-11.67808	-11.05113
16476762500.00000	-11.97348	-11.04341
16489256250.00000	-12.05543	-11.04696
16501750000.00000	-12.09585	-11.03675
16514243750.00000	-12.07630	-10.93671
16526737500.00000	-11.83676	-10.78208
16539231250.00000	-11.78596	-10.60455
16551725000.00000	-11.39578	-10.65085
16564218750.00000	-11.35365	-10.52775
16576712500.00000	-11.02280	-10.50576
16589206250.00000	-11.09441	-10.45458
16601700000.00000	-10.93355	-10.40545
16614193750.00000	-10.73911	-10.41709
16626687500.00000	-10.71687	-10.34497
16639181250.00000	-10.37153	-10.33347
16651675000.00000	-10.41652	-10.06653
16664168750.00000	-10.19245	-9.99428
16676662500.00000	-10.38515	-9.81320
16689156250.00000	-10.55034	-9.85582
16701650000.00000	-10.79210	-9.84075
16714143750.00000	-11.07213	-9.76743
16726637500.00000	-10.91837	-9.52366
16739131250.00000	-11.12458	-9.18807
16751625000.00000	-11.08476	-8.99405
16764118750.00000	-11.45392	-8.92104
16776612500.00000	-11.25462	-8.90901
16789106250.00000	-11.19749	-8.87211
16801600000.00000	-11.08638	-8.91101
16814093750.00000	-10.77855	-8.79251
16826587500.00000	-10.61044	-8.66488
16839081250.00000	-10.19598	-8.56249
16851575000.00000	-10.42532	-8.44898
16864068750.00000	-10.24905	-8.49307
16876562500.00000	-10.27259	-8.45031
16889056250.00000	-10.17387	-8.42875
16901550000.00000	-10.14000	-8.34704
16914043750.00000	-10.30193	-8.37069
16926537500.00000	-10.10498	-8.29429
16939031250.00000	-10.29495	-8.17190
16951525000.00000	-10.11811	-8.13021
16964018750.00000	-10.34335	-7.99925
16976512500.00000	-10.48865	-7.95954
16989006250.00000	-10.63744	-7.81178
17001500000.00000	-11.13244	-7.80191
17013993750.00000	-11.35366	-7.78045
17026487500.00000	-11.70604	-7.81518
17038981250.00000	-11.39823	-7.75117
17051475000.00000	-11.45755	-7.60118
17063968750.00000	-11.21927	-7.54867
17076462500.00000	-11.20748	-7.41879
17088956250.00000	-11.35083	-7.51434
17101450000.00000	-11.04987	-7.46815
17113943750.00000	-11.02066	-7.44367
17126437500.00000	-10.64044	-7.33381
17138931250.00000	-10.59046	-7.17797
17151425000.00000	-10.22220	-7.14395
17163918750.00000	-10.13175	-7.07989
17176412500.00000	-10.27486	-7.12707
17188906250.00000	-10.28779	-7.04860
17201400000.00000	-10.62700	-7.09818
17213893750.00000	-10.48123	-7.11619
17226387500.00000	-10.68404	-7.03633
17238881250.00000	-10.65108	-7.07417
17251375000.00000	-11.05326	-7.10513
17263868750.00000	-11.54516	-7.30311
17276362500.00000	-11.82037	-7.33419
17288856250.00000	-12.23752	-7.42641
17301350000.00000	-12.10720	-7.42224
17313843750.00000	-12.29428	-7.36805
17326337500.00000	-11.98668	-7.41006
17338831250.00000	-12.01704	-7.43641
17351325000.00000	-11.85218	-7.53093
17363818750.00000	-11.73896	-7.57675
17376312500.00000	-11.69471	-7.61326
17388806250.00000	-11.19769	-7.50780
17401300000.00000	-11.11793	-7.47712
17413793750.00000	-10.77089	-7.47721
17426287500.00000	-10.96325	-7.48819
17438781250.00000	-11.06175	-7.59285
17451275000.00000	-11.25585	-7.68607
17463768750.00000	-11.59909	-7.91814
17476262500.00000	-11.63454	-7.94826
17488756250.00000	-12.01633	-8.01875
17501250000.00000	-11.97534	-8.09738
17513743750.00000	-12.34830	-8.14850
17526237500.00000	-12.43082	-8.22914
17538731250.00000	-12.77987	-8.29771
17551225000.00000	-13.15784	-8.53396
17563718750.00000	-13.27047	-8.60673
17576212500.00000	-13.64835	-8.69197
17588706250.00000	-13.42114	-8.72587
17601200000.00000	-13.64560	-8.79432
17613693750.00000	-13.28005	-8.95776
17626187500.00000	-13.06024	-9.08221
17638681250.00000	-12.75959	-9.14764
17651175000.00000	-12.60383	-9.10826
17663668750.00000	-12.61212	-9.19036
17676162500.00000	-12.34125	-9.23136
17688656250.00000	-12.65184	-9.43747
17701150000.00000	-12.69983	-9.64939
17713643750.00000	-13.14835	-9.82368
17726137500.00000	-13.51429	-10.03037
17738631250.00000	-13.94753	-10.10260
17751125000.00000	-14.40825	-10.42104
17763618750.00000	-14.46170	-10.46372
17776112500.00000	-14.80456	-10.57627
17788606250.00000	-14.88286	-10.55922
17801100000.00000	-15.38150	-10.60750
17813593750.00000	-15.38940	-10.67408
17826087500.00000	-15.61308	-10.76094
17838581250.00000	-15.54473	-11.09684
17851075000.00000	-15.31737	-11.31601
17863568750.00000	-15.15807	-11.73675
17876062500.00000	-14.68773	-11.80753
17888556250.00000	-14.36424	-11.92613
17901050000.00000	-14.00171	-11.94969
17913543750.00000	-14.07493	-12.05601
17926037500.00000	-13.79928	-12.40406
17938531250.00000	-13.72228	-12.50290
17951025000.00000	-13.62703	-12.82854
17963518750.00000	-13.44478	-12.98140
17976012500.00000	-13.54169	-13.36435
17988506250.00000	-13.57423	-13.40260
18001000000.00000	-13.86756	-13.53077
18013493750.00000	-13.85758	-13.96581
18025987500.00000	-14.06933	-14.20051
18038481250.00000	-14.15495	-14.41679
18050975000.00000	-14.22260	-14.35120
18063468750.00000	-14.01560	-14.58063
18075962500.00000	-13.64457	-14.47853
18088456250.00000	-13.61866	-14.77521
18100950000.00000	-13.24648	-14.99780
18113443750.00000	-12.89274	-15.12910
18125937500.00000	-12.26889	-15.36832
18138431250.00000	-11.93988	-15.29832
18150925000.00000	-11.58702	-15.52186
18163418750.00000	-11.30341	-15.45349
18175912500.00000	-11.14284	-15.60815
18188406250.00000	-11.00358	-15.43871
18200900000.00000	-10.98044	-15.51714
18213393750.00000	-10.90809	-15.57275
18225887500.00000	-11.04885	-15.46305
18238381250.00000	-11.11944	-15.61678
18250875000.00000	-11.26789	-15.58241
18263368750.00000	-11.37551	-16.07796
18275862500.00000	-11.37393	-16.16730
18288356250.00000	-11.36685	-16.22424
18300850000.00000	-11.02093	-16.04669
18313343750.00000	-10.73617	-16.03423
18325837500.00000	-10.49531	-16.14378
18338331250.00000	-10.43546	-15.92109
18350825000.00000	-10.05103	-16.02584
18363318750.00000	-9.61059	-15.60652
18375812500.00000	-9.30914	-15.55220
18388306250.00000	-9.09507	-15.23329
18400800000.00000	-8.99337	-15.22330
18413293750.00000	-8.88474	-15.25929
18425787500.00000	-8.84653	-15.16760
18438281250.00000	-8.75404	-15.28397
18450775000.00000	-8.72838	-14.71614
18463268750.00000	-8.79119	-14.68727
18475762500.00000	-8.95516	-14.53761
18488256250.00000	-9.24257	-14.86551
18500750000.00000	-9.36253	-14.98348
18513243750.00000	-9.59335	-14.72762
18525737500.00000	-9.71024	-14.35611
18538231250.00000	-9.78042	-13.69073
18550725000.00000	-9.85176	-13.60960
18563218750.00000	-9.95993	-13.31743
18575712500.00000	-9.85837	-13.31139
18588206250.00000	-9.57107	-13.01260
18600700000.00000	-9.28456	-12.82915
18613193750.00000	-8.95521	-12.60921
18625687500.00000	-8.81926	-12.20797
18638181250.00000	-8.78506	-12.24213
18650675000.00000	-8.74543	-12.23541
18663168750.00000	-8.65718	-12.59930
18675662500.00000	-8.60482	-12.54120
18688156250.00000	-8.64343	-12.31328
18700650000.00000	-8.71027	-12.00162
18713143750.00000	-8.94579	-11.82960
18725637500.00000	-9.24456	-12.08717
18738131250.00000	-9.49628	-11.95254
18750625000.00000	-9.61907	-11.93649
18763118750.00000	-9.84444	-11.51747
18775612500.00000	-10.09109	-11.42469
18788106250.00000	-10.41037	-11.22175
18800600000.00000	-10.69167	-10.91781
18813093750.00000	-11.04324	-10.68506
18825587500.00000	-11.34722	-10.41009
18838081250.00000	-11.38663	-10.41942
18850575000.00000	-11.29723	-10.17868
18863068750.00000	-11.16562	-10.01378
18875562500.00000	-11.06365	-9.85763
18888056250.00000	-10.98589	-9.85808
18900550000.00000	-10.99495	-9.97888
18913043750.00000	-11.06498	-9.93967
18925537500.00000	-11.12567	-10.11660
18938031250.00000	-11.24549	-10.00476
18950525000.00000	-11.33625	-10.06033
18963018750.00000	-11.48075	-9.87302
18975512500.00000	-11.85457	-9.73746
18988006250.00000	-12.62153	-9.58347
19000500000.00000	-13.40248	-9.47763
19012993750.00000	-14.21474	-9.74728
19025487500.00000	-14.86258	-9.69402
19037981250.00000	-15.39971	-9.68925
19050475000.00000	-15.77518	-9.40757
19062968750.00000	-16.20275	-9.26347
19075462500.00000	-16.57687	-9.18504
19087956250.00000	-16.60391	-9.23363
19100450000.00000	-16.29581	-9.40404
19112943750.00000	-15.64249	-9.27071
19125437500.00000	-15.23064	-9.20634
19137931250.00000	-15.13431	-8.94976
19150425000.00000	-15.37024	-8.94318
19162918750.00000	-15.67676	-8.96635
19175412500.00000	-15.84635	-9.04152
19187906250.00000	-16.00503	-9.15620
19200400000.00000	-16.30394	-8.91394
19212893750.00000	-17.53299	-8.77269
19225387500.00000	-18.85077	-8.36294
19237881250.00000	-19.94882	-8.33084
19250375000.00000	-20.83415	-8.33310
19262868750.00000	-20.66716	-8.47165
19275362500.00000	-20.29623	-8.54999
19287856250.00000	-20.08196	-8.37843
19300350000.00000	-19.67475	-8.33805
19312843750.00000	-18.50046	-8.28985
19325337500.00000	-17.44668	-8.59109
19337831250.00000	-16.40537	-8.77222
19350325000.00000	-15.93735	-8.92190
19362818750.00000	-15.79588	-8.78963
19375312500.00000	-15.80726	-8.59250
19387806250.00000	-15.68502	-8.58198
19400300000.00000	-15.06424	-8.49640
19412793750.00000	-14.85187	-8.72892
19425287500.00000	-14.72547	-8.83292
19437781250.00000	-15.16038	-8.90256
19450275000.00000	-15.43343	-8.86180
19462768750.00000	-15.41789	-8.78135
19475262500.00000	-15.01338	-8.81491
19487756250.00000	-14.52937	-8.85005
19500250000.00000	-14.08278	-9.14603
19512743750.00000	-13.40044	-9.18060
19525237500.00000	-13.01798	-9.36683
19537731250.00000	-12.34586	-9.36938
19550225000.00000	-11.89304	-9.53249
19562718750.00000	-11.30534	-9.68130
19575212500.00000	-10.94905	-9.76739
19587706250.00000	-10.86176	-9.89204
19600200000.00000	-10.76133	-9.70747
19612693750.00000	-10.71025	-9.76794
19625187500.00000	-10.55646	-9.60708
19637681250.00000	-10.66979	-9.57262
19650175000.00000	-10.69411	-9.57283
19662668750.00000	-10.83154	-9.58360
19675162500.00000	-10.93764	-9.64295
19687656250.00000	-11.17589	-9.66364
19700150000.00000	-11.45938	-9.88812
19712643750.00000	-11.49044	-9.95806
19725137500.00000	-11.78275	-10.24112
19737631250.00000	-11.91241	-10.29605
19750125000.00000	-12.11253	-10.43288
19762618750.00000	-12.16065	-10.51491
19775112500.00000	-12.08845	-10.42781
19787606250.00000	-11.88669	-10.58883
19800100000.00000	-11.41514	-10.54267
19812593750.00000	-10.97571	-10.70018
19825087500.00000	-10.52682	-10.66888
19837581250.00000	-10.31207	-10.75657
19850075000.00000	-10.02477	-10.58710
19862568750.00000	-10.01095	-10.58598
19875062500.00000	-9.93569	-10.65601
19887556250.00000	-9.87963	-10.56179
19900050000.00000	-9.89194	-10.83697
19912543750.00000	-9.91701	-10.81260
19925037500.00000	-10.34970	-10.90265
19937531250.00000	-10.74912	-10.78887
19950025000.00000	-11.17191	-10.79702
19962518750.00000	-11.45731	-10.84576
19975012500.00000	-11.64325	-10.93280
19987506250.00000	-11.88816	-10.98667
20000000000.00000	-12.06033	-10.69887
